id,klass,prob0,prob1,prob2,prob3,prob4,prob5
0001b293f2237a4d2c56,3,  0.00,  0.01,  0.00, 99.98,  0.00,  0.01
00015e244aa7b977db90,2,  0.00,  0.03, 99.97,  0.00,  0.00,  0.00
0001ab1c89654742b8ac,2,  0.00,  0.45, 99.54,  0.00,  0.00,  0.00
00010546e97b002b627e,4,  0.00,  0.00,  0.02,  0.00, 99.91,  0.06
00015cf8b09960893cdd,3,  0.00,  0.01,  0.00, 99.99,  0.00,  0.00
000179f501d892a65f64,3,  0.00,  0.00,  0.00,100.00,  0.00,  0.00
000139cf5f30c1a281b3,3,  0.01,  0.01,  0.00, 99.98,  0.00,  0.00
00016f1526c5d1f67765,0, 96.52,  3.47,  0.01,  0.00,  0.00,  0.01
0001567510b05ec1be03,5,  0.02,  0.70,  0.01,  0.00,  0.00, 99.26
0001cc97149a2e7df535,2,  0.00,  0.32, 99.66,  0.00,  0.01,  0.00
0001bb994dd1f96beb5d,4,  0.00,  0.00,  0.05,  0.00, 99.95,  0.00
0001519fa5f9533ae6c5,0, 81.68,  0.97,  0.00, 17.30,  0.00,  0.04
0001712cd06317f8a8ba,0, 94.61,  0.82,  0.00,  4.47,  0.00,  0.10
000119ab28cf09fc6d17,2,  0.00,  0.04, 99.96,  0.00,  0.00,  0.00
00016e4654d764e222f4,4,  0.00,  0.00,  0.09,  0.00, 99.77,  0.14
00018942ffbfc5959737,3,  0.08,  0.03,  0.00, 99.89,  0.00,  0.00
000116520f7b4f05b123,5,  0.41,  0.89,  0.00,  0.01,  0.00, 98.69
0001ddf56b2a2d6b063c,4,  0.00,  0.00,  0.50,  0.00, 94.93,  4.57
00017213d6c3d0a6a39e,1,  0.48, 99.07,  0.32,  0.00,  0.00,  0.12
0001855d7df843d9877a,5,  0.02,  0.72,  0.00,  0.02,  0.00, 99.24
00014e9e76441766b065,2,  0.00,  1.14, 98.86,  0.00,  0.00,  0.00
000149cb8e8c8e7b19b2,2,  0.00,  0.29, 99.70,  0.00,  0.01,  0.00
000107129cf84d947647,3,  0.02,  0.03,  0.00, 99.95,  0.00,  0.00
000134dfe1e68f45ef04,0, 81.74, 12.95,  0.00,  0.00,  0.00,  5.31
0001c52b5c3188e8c65d,4,  0.00,  0.00,  0.00,  0.00,100.00,  0.00
000103aa4511fba1eae6,2,  0.00,  2.42, 97.57,  0.00,  0.00,  0.01
000139136a69903864ee,3,  0.01,  0.03,  0.00, 99.95,  0.00,  0.00
0001bb8138fa7f2bee46,3,  0.01,  0.01,  0.00, 99.98,  0.00,  0.00
0001f183f333bdfbb6a0,5,  0.02,  0.24,  0.00,  0.00,  0.00, 99.74
0001fde6f77456f8e893,3,  2.41,  4.26,  0.00, 93.04,  0.00,  0.29
000107b9767360da06dd,0, 99.41,  0.49,  0.00,  0.08,  0.00,  0.02
000122b2d0a6bffe7a7b,5,  0.00,  0.71, 99.29,  0.00,  0.00,  0.00
000160e20b6be52473a0,2,  0.00,  2.19, 97.80,  0.00,  0.00,  0.00
00019ba6d86e68ac5d94,4,  0.00,  0.00,  0.28,  0.00, 99.65,  0.07
00012a8acafb40fd70be,3,  0.07,  0.06,  0.00, 99.83,  0.00,  0.04
0001d6bc1c8e2bc364b1,4,  0.00,  0.00,  1.71,  0.00, 96.99,  1.30
0001cd65dc4ea9e115e6,3,  0.00,  0.04,  0.00, 99.96,  0.00,  0.00
000161f30b5a36eaa592,4,  0.00,  0.00,  0.03,  0.00, 99.96,  0.01
00016061a10342d49bc7,2,  0.00,  0.37, 99.54,  0.00,  0.05,  0.04
00011afa99a72204f7d6,2,  0.00,  1.67, 98.27,  0.00,  0.01,  0.05
0001c90266106d1735ce,3, 99.22,  0.23,  0.00,  0.01,  0.00,  0.55
0001a3730068b96f29a8,2,  0.00,  0.01, 99.96,  0.00,  0.03,  0.00
0001915696f092a0869a,5,  0.09,  2.20,  0.00,  0.00,  0.00, 97.71
00012404f6e34c13fb83,4,  0.00,  0.00,  0.09,  0.00, 31.53, 68.38
00014e398da900eb2b63,2,  0.00,  0.01, 99.96,  0.00,  0.03,  0.00
000171d5d1af37112d81,3,  0.21,  0.15,  0.00, 99.64,  0.00,  0.00
0001a16a542448c62458,2,  0.00,  0.00, 99.98,  0.00,  0.01,  0.00
0001375f9715d17c4104,5,  0.00,  0.25,  0.00,  0.00,  0.00, 99.74
000138db229171056543,3,  0.07,  0.25,  0.00, 99.67,  0.00,  0.01
0001021e3f4ea43d73f1,5,  0.01,  0.94,  0.01,  0.00,  0.00, 99.04
000113448169c7253cb2,2,  0.00,  0.04, 99.96,  0.00,  0.00,  0.00
0001cd90021088ae42f1,2,  0.00,  0.87, 99.13,  0.00,  0.00,  0.00
000178956fc3eb5a90cd,1,  0.12, 98.61,  1.21,  0.00,  0.00,  0.07
0001ab6e5391d426f7c8,2,  0.00,  2.50, 97.50,  0.00,  0.00,  0.00
0001304bda9dd23e37da,2,  0.00,  2.04, 97.95,  0.00,  0.00,  0.01
0001ec5effcb01ef5561,2,  0.00,  7.58, 91.95,  0.00,  0.02,  0.44
0001e052c25afd3ff0ca,4,  0.00,  0.00,  0.01,  0.00, 94.63,  5.36
00014ccfa628cc4d6aac,3,  0.33,  0.05,  0.00, 99.62,  0.00,  0.00
0001658ef6222992de61,3,  0.00,  0.02,  0.00, 99.98,  0.00,  0.00
000179bc6bc25472981a,4,  0.00,  0.01, 11.40,  0.00, 84.22,  4.37
00012c50a4dbcc398b0e,3,  0.04,  0.02,  0.00, 99.94,  0.00,  0.00
0001688b9628101d6cfa,0, 98.52,  1.04,  0.00,  0.42,  0.00,  0.02
000158ab1fd894878917,0, 99.03,  0.92,  0.00,  0.01,  0.00,  0.05
0001095d1ed1cd3d455f,0, 99.06,  0.90,  0.00,  0.02,  0.00,  0.02
00013a6a19bca42c1f3a,0, 98.32,  1.55,  0.00,  0.02,  0.00,  0.11
0001c35bf21cfdff766e,0, 98.77,  1.18,  0.00,  0.02,  0.00,  0.03
0001ec17ce4b9700d077,0, 94.30,  5.50,  0.00,  0.07,  0.00,  0.13
0001712132c83daf996e,0, 96.57,  2.63,  0.00,  0.66,  0.00,  0.13
0001394504bfa6172aa0,0, 99.55,  0.45,  0.00,  0.00,  0.00,  0.00
0001d8b396ce046ce241,2,  0.00,  0.31, 99.66,  0.00,  0.01,  0.01
0001819c5bfb92fc42e7,2,  0.00,  0.25, 99.65,  0.00,  0.04,  0.05
000136465b21bf240c19,5,  0.04,  0.42,  0.00,  0.00,  0.00, 99.54
00015fba9266dfb03ff9,4,  0.00,  0.00,  0.16,  0.00, 99.84,  0.00
00019b3e947e0a5154c2,4,  0.00,  0.00,  0.15,  0.00, 99.85,  0.00
0001bc47eeae8d25fb88,1,  0.18, 76.75,  1.15,  0.01,  0.00, 21.92
0001eda91e2e7e3bbd79,2,  0.00,  1.18, 98.81,  0.00,  0.00,  0.00
0001135564944bfeb610,2,  0.00,  0.97, 99.02,  0.00,  0.00,  0.00
00017a4dfc041f462a0e,4,  0.00,  0.00,  0.35,  0.00, 99.57,  0.08
000181226c939aff4165,5,  0.01,  0.45,  0.00,  0.00,  0.00, 99.54
00015b2389c7fbf81a6c,0, 97.26,  0.57,  0.00,  2.17,  0.00,  0.00
0001cc946836b6c82bc1,2,  0.00,  0.13, 99.47,  0.00,  0.34,  0.06
000170e66d9da73ac1c4,3,  0.05,  0.17,  0.00, 99.75,  0.00,  0.02
000198d0f2b6a1e35fbb,5,  0.01,  1.00,  0.02,  0.00,  0.00, 98.96
00019a247360403f7b30,0, 98.79,  0.80,  0.00,  0.36,  0.00,  0.05
0001ee24472ca1921024,0, 98.13,  1.12,  0.00,  0.67,  0.00,  0.07
0001918f65fca12c3583,1,  0.80, 89.92,  0.88,  0.01,  0.00,  8.39
000172199889bba6ee6d,3,  0.02,  0.01,  0.00, 99.96,  0.00,  0.01
0001fd1a340b15bf4c7c,3,  0.04,  0.04,  0.00, 99.91,  0.00,  0.00
00012ebb836d19c856e5,0, 99.17,  0.77,  0.00,  0.06,  0.00,  0.01
0001138ad76323ee339f,0, 99.01,  0.97,  0.00,  0.01,  0.00,  0.00
0001198dd94c5af97ccb,4,  0.00,  0.00,  0.03,  0.00, 99.97,  0.00
0001da22cba77498042b,4,  0.00,  0.00,  0.10,  0.00, 99.90,  0.00
000160798ae37f9ab423,5,  0.04,  5.17,  0.04,  0.00,  0.00, 94.75
00010e3fecd97a1aff57,5,  0.02,  2.46,  0.02,  0.00,  0.00, 97.50
00014207e48cf256f234,0, 99.65,  0.19,  0.00,  0.16,  0.00,  0.00
00012f45ea4491f339ee,0, 95.43,  4.24,  0.00,  0.31,  0.00,  0.01
0001a1d561b0492f14fb,0, 93.80,  2.97,  0.00,  3.05,  0.00,  0.18
0001ed0ac56809eb94d6,4,  0.00,  0.00,  0.03,  0.00, 94.05,  5.92
00014515ae0cb956abcd,3,  0.03,  0.04,  0.00, 99.93,  0.00,  0.01
000177ddfe6355d549ca,5,  0.00,  0.23,  0.00,  0.00,  0.00, 99.77
00012fd3b58ed52962c2,3,  0.13,  0.38,  0.00, 98.85,  0.00,  0.64
0001a34b06f925d4ec80,5,  0.00,  0.08,  0.00,  0.00,  0.00, 99.92
0001dffcc67c56e903f1,3,  0.07,  0.26,  0.00, 99.40,  0.00,  0.28
0001912593bfcd5fbc7e,2,  0.00,  0.00, 35.33,  0.00, 64.55,  0.12
00012dff459fd87a52b4,2,  0.00,  0.00, 99.50,  0.00,  0.50,  0.00
00012edffe2a9ba1824c,2,  0.00,  0.00, 83.67,  0.00, 16.27,  0.05
0001bff9a690b9ea4850,2,  0.00,  1.73, 98.27,  0.00,  0.00,  0.00
00014a30c975dadabcc3,5,  0.01,  0.72,  0.00,  0.00,  0.00, 99.27
0001323e92f876f30d34,2,  0.00,  0.01, 98.70,  0.00,  1.27,  0.01
0001ada7800fe925d264,3,  1.18,  0.09,  0.00, 98.73,  0.00,  0.00
00016681a314cc069287,4,  0.00,  0.00,  1.86,  0.00, 98.14,  0.00
0001355bcd0330a0f961,3,  0.25,  0.49,  0.00, 99.20,  0.00,  0.05
000130727ce9ba0a4981,5,  0.01,  0.35,  0.00,  0.02,  0.00, 99.63
0001220002ce2322592e,4,  0.00,  0.00,  0.00,  0.00, 99.26,  0.73
000192dbd27c8156e019,4,  0.00,  0.00,  0.01,  0.00, 92.82,  7.17
00010383bf1dd13c2939,3,  0.02,  0.07,  0.00, 99.89,  0.00,  0.02
0001adf0916501384976,4,  0.00,  0.00,  0.00,  0.00, 97.64,  2.36
0001e7ad3e5632bfca0c,4,  0.00,  0.00,  0.00,  0.00, 98.06,  1.94
00016552039ddb2ba204,5,  0.17,  1.34,  0.00,  0.01,  0.00, 98.49
000165d9a1794f172a84,0, 98.97,  0.60,  0.00,  0.42,  0.00,  0.00
0001a9cb68a4d280108b,0, 98.52,  0.93,  0.00,  0.54,  0.00,  0.01
0001bad2ebf1d4f2e1fb,0, 98.88,  0.46,  0.00,  0.66,  0.00,  0.00
0001d0492c975b547ed9,0, 98.57,  0.61,  0.00,  0.82,  0.00,  0.00
000180ce3abda073cdcf,0, 99.16,  0.72,  0.00,  0.09,  0.00,  0.02
000175d7460de896800e,0, 98.98,  0.44,  0.00,  0.58,  0.00,  0.00
0001f1b2b3688317a4bc,0, 99.21,  0.45,  0.00,  0.33,  0.00,  0.01
0001b57b03c8a1f7d62f,4,  0.00,  0.00,  0.00,  0.00, 98.64,  1.36
0001381d024a54c98387,0, 97.35,  1.04,  0.00,  1.59,  0.00,  0.02
000115dc710339903514,0, 95.26,  4.10,  0.00,  0.59,  0.00,  0.05
000163a2cb53d253faf9,0, 96.02,  0.56,  0.00,  3.42,  0.00,  0.00
00017ed1729f9170a8f9,0, 17.97, 26.47,  0.04, 47.16,  0.00,  8.37
0001473b1336d7aa4b4a,5,  0.01,  0.19,  0.00,  0.00,  0.00, 99.79
000117e6ae65827fb458,0, 99.30,  0.27,  0.00,  0.08,  0.00,  0.34
000106a9f86a3a294f05,0, 99.38,  0.33,  0.00,  0.28,  0.00,  0.01
000175165300a3e3a3c1,0, 99.45,  0.38,  0.00,  0.13,  0.00,  0.03
0001f1d0e631c51b5055,0, 99.23,  0.26,  0.00,  0.51,  0.00,  0.00
00014da4d4bc849b911b,1, 69.68, 29.92,  0.00,  0.00,  0.00,  0.39
0001d33cd05f806d078f,4,  0.00,  0.00,  0.13,  0.00, 99.87,  0.00
00015cbebd9f518c425a,0, 99.40,  0.36,  0.00,  0.23,  0.00,  0.01
00012ba9c2185834a019,0, 96.55,  1.83,  0.00,  1.55,  0.00,  0.07
0001fd4f52adccf35b75,3,  5.23,  0.20,  0.00, 94.57,  0.00,  0.00
00012ee0bc47f018df4a,2,  0.00,  0.38, 99.61,  0.00,  0.00,  0.00
0001d64c0bc8096f2714,2,  0.00,  0.24, 99.75,  0.00,  0.01,  0.00
0001471608579d47167f,2,  0.00,  0.02, 97.63,  0.00,  2.32,  0.03
000109d0fbdce4cae1f1,2,  0.00,  0.01, 99.81,  0.00,  0.18,  0.00
00017577b85ff2ef25ed,2,  0.00,  0.25, 99.74,  0.00,  0.00,  0.00
00016ec5495a40aa28c7,2,  0.00,  0.34, 99.66,  0.00,  0.00,  0.00
0001573c5d5c4b2bc2ac,0, 99.96,  0.01,  0.00,  0.03,  0.00,  0.00
0001576796ec7e11437c,0, 99.96,  0.01,  0.00,  0.02,  0.00,  0.00
00015c02821e73d675d5,5,  0.00,  0.01,  0.00,  0.00,  0.00, 99.99
00016aa02dd63b4235d4,4,  0.00,  0.00,  0.15,  0.00, 99.74,  0.11
0001baab06d8c10cbf39,4,  0.00,  0.00,  0.00,  0.00, 99.97,  0.02
00017a588fb4e1587edb,2,  0.00,  3.63, 96.35,  0.00,  0.00,  0.02
000114fa4d25a8821837,2,  0.00,  2.35, 97.64,  0.00,  0.00,  0.00
0001a6b4c3549814172e,3,  0.13,  0.41,  0.00, 99.47,  0.00,  0.00
0001b68ee08b8741129d,5,  0.04,  0.34,  0.00,  0.01,  0.00, 99.61
00014e9277b085b86a6c,5,  0.23,  0.88,  0.00,  0.06,  0.00, 98.83
000122260bc6b64af532,0, 98.86,  0.58,  0.00,  0.49,  0.00,  0.07
00011bd3619972926f44,0, 97.81,  0.84,  0.00,  1.07,  0.00,  0.28
00012b536b89dadf37cb,4,  0.00,  0.00,  0.00,  0.00, 99.96,  0.03
000149f43621e26bceb5,3,  0.02,  0.02,  0.00, 99.96,  0.00,  0.00
000135792dc9f98a054e,4,  0.00,  0.00,  0.01,  0.00, 99.99,  0.00
0001941ed95011f82614,2,  0.00,  0.18, 99.82,  0.00,  0.00,  0.00
0001eb2281e863960f69,2,  0.00,  0.04, 99.94,  0.00,  0.02,  0.00
0001e4bd849dbdf3f743,3,  0.03,  0.06,  0.00, 99.90,  0.00,  0.02
0001ba59ab573cd1bf94,3,  0.01,  0.06,  0.00, 99.92,  0.00,  0.01
00010f12523e01d7fcad,1,  0.26, 75.75,  1.75,  0.00,  0.00, 22.24
00016bee47bd321daafd,2,  0.00,  0.05, 99.95,  0.00,  0.00,  0.00
0001fb3bed4ef0864b8a,5,  0.00,  0.11,  0.00,  0.00,  0.00, 99.88
0001f73b55ba20f99a79,5,  0.01,  0.27,  0.00,  0.00,  0.00, 99.73
00012792003a6de203c3,4,  0.00,  0.00,  0.11,  0.00, 99.88,  0.00
00017c25e34141f015a2,5,  4.42,  0.31,  0.01,  0.00,  0.00, 95.26
0001572e75d27394af6e,2,  0.00,  0.04, 99.96,  0.00,  0.00,  0.00
0001e73ac5b9929d6e35,4,  0.00,  0.00,  0.00,  0.00, 99.98,  0.02
00012aa104e2f092c506,3,  0.03,  0.01,  0.00, 99.96,  0.00,  0.00
0001db3510ee5740163d,2,  0.00,  0.03, 99.91,  0.00,  0.06,  0.00
000107f754f2897bc2a7,2,  0.00,  0.09, 99.86,  0.00,  0.04,  0.00
0001e1ae5eb157afa2b2,2,  0.00,  0.00, 98.71,  0.00,  1.29,  0.00
0001ecf1f2a566165dfd,2,  0.00,  0.01, 99.82,  0.00,  0.18,  0.00
00018a59397f8bed1dcf,2,  0.00,  0.02, 99.69,  0.00,  0.29,  0.00
00014cb01bf96f0359a6,5,  0.00,  0.00,  0.00,  0.00,  0.00, 99.99
0001692fbc6b1f4794c4,3,  0.06,  0.25,  0.00, 99.69,  0.00,  0.00
00012611c7fc09d7e2d8,3,  0.01,  0.02,  0.00, 99.97,  0.00,  0.00
00019caf4548b7300cde,2,  0.00,  3.60, 96.39,  0.00,  0.00,  0.00
00016b21799bcca42258,2,  0.00,  0.04, 99.94,  0.00,  0.03,  0.00
0001d8db6e08e66f0f84,0, 99.67,  0.28,  0.00,  0.00,  0.00,  0.05
0001fa47d343b9d226b3,0, 99.70,  0.28,  0.00,  0.00,  0.00,  0.02
0001095dd2c65440d324,5,  0.01,  0.41,  0.00,  0.02,  0.00, 99.56
0001d03e2b267b0fe2fa,1, 40.86, 59.12,  0.01,  0.00,  0.00,  0.00
0001dcf0b67c7782072f,3,  0.01,  0.22,  0.00, 99.77,  0.00,  0.00
0001c2779378b732eacc,4,  0.00,  0.00,  0.21,  0.00, 99.79,  0.00
00016f465bc3041c9ef5,2,  0.00,  0.03, 99.80,  0.00,  0.16,  0.01
0001197b613969063650,5,  0.00,  0.00,  0.00,  0.00, 97.89,  2.11
00010390198879564f85,2,  0.00,  0.75, 99.24,  0.00,  0.00,  0.00
00014c0fd755d3b93e32,2,  0.00, 19.73, 80.26,  0.00,  0.00,  0.00
0001482cce163b59a798,2,  0.00,  0.05, 99.91,  0.00,  0.04,  0.00
000130c12fd69240741c,4,  0.00,  0.00,  0.08,  0.00, 99.89,  0.03
00014b35b861d805a3c9,2,  0.00,  0.11, 99.89,  0.00,  0.00,  0.00
0001368d86e7099327df,0, 96.21,  3.33,  0.00,  0.25,  0.00,  0.22
0001f438842e89a60530,5,  0.02,  1.56,  0.00,  0.00,  0.00, 98.42
0001be005010eb5c6a92,5,  0.17,  3.06,  0.00,  0.00,  0.00, 96.77
0001bad31a6056e459e6,2,  0.00,  0.03, 99.65,  0.00,  0.31,  0.02
00013ea9b607736e66dd,0, 98.86,  0.44,  0.00,  0.45,  0.00,  0.26
00017ae0b09dbb9c6bb1,0, 99.03,  0.41,  0.00,  0.52,  0.00,  0.05
000153b2ae7dccea1719,4,  0.00,  0.00,  0.03,  0.00, 99.75,  0.22
0001cf08f5c6909b157e,0, 98.75,  0.43,  0.00,  0.80,  0.00,  0.02
0001399ff6ba2316ceea,4,  0.00,  0.00,  0.14,  0.00, 80.61, 19.25
00012c8ce661ca2b9f68,0, 96.81,  1.21,  0.00,  1.97,  0.00,  0.01
0001081348a79c9dfca4,2,  0.00,  0.09, 99.84,  0.00,  0.05,  0.01
00011f628ee32146fef1,5,  0.00,  0.21,  0.01,  0.00,  0.00, 99.78
0001024d2f8235049ecb,0, 99.29,  0.62,  0.00,  0.06,  0.00,  0.02
00014607c0d6358e3ec4,0, 99.57,  0.16,  0.00,  0.27,  0.00,  0.00
0001386ef47e59ed912c,0, 99.25,  0.50,  0.00,  0.24,  0.00,  0.02
00010f7880675091d77e,0, 99.40,  0.35,  0.00,  0.22,  0.00,  0.03
000146715dbabe9e2250,0, 99.52,  0.47,  0.00,  0.01,  0.00,  0.01
0001315f9972051dbcb9,0, 99.57,  0.30,  0.00,  0.07,  0.00,  0.06
0001658aebb9e0ecaa94,0, 99.44,  0.52,  0.00,  0.00,  0.00,  0.03
0001f40a7671ec97fb9e,0, 99.59,  0.37,  0.00,  0.01,  0.00,  0.04
00010ef2e75ee19a17ff,0, 99.80,  0.16,  0.00,  0.04,  0.00,  0.00
00017c28ceb52d8f9cf7,0, 97.81,  0.95,  0.00,  0.92,  0.00,  0.33
00016559492e99a2b298,0, 41.86, 55.47,  0.01,  0.62,  0.00,  2.04
0001d5bfea87f87dde0b,0, 98.07,  0.65,  0.00,  1.27,  0.00,  0.01
000173d7a9fc38d23991,0, 99.90,  0.07,  0.00,  0.02,  0.00,  0.00
0001d88144a1b2260c70,0, 99.85,  0.09,  0.00,  0.05,  0.00,  0.01
000194258a031bb9e051,2,  0.00,  0.12, 99.88,  0.00,  0.00,  0.00
000144fb325782e24805,5,  0.01,  1.32,  0.01,  0.00,  0.00, 98.67
000105580ec55e6c317f,2,  0.00,  0.00, 99.44,  0.00,  0.56,  0.00
000103abc108586e360a,0, 99.48,  0.32,  0.00,  0.18,  0.00,  0.01
0001ab25d8d42cd6cf02,1,  0.02, 94.55,  4.62,  0.07,  0.00,  0.74
0001495217d5c185a3d7,0, 98.93,  0.20,  0.00,  0.87,  0.00,  0.00
0001fee1a3a2977139d2,1, 51.03, 48.54,  0.02,  0.00,  0.00,  0.42
0001bdd82778a9216e3e,5,  0.00,  0.14,  0.00,  0.00,  0.00, 99.86
0001f840852039d54ddb,0, 98.48,  0.91,  0.00,  0.18,  0.00,  0.43
0001e067bcbeab30c254,0, 99.54,  0.30,  0.00,  0.08,  0.00,  0.08
00015764bfd05c5719a2,0, 99.83,  0.16,  0.00,  0.00,  0.00,  0.00
0001a4e0cfa9021ffb62,0, 90.88,  8.01,  0.00,  0.20,  0.00,  0.92
00014abd27f9b441b453,0, 97.36,  1.97,  0.00,  0.05,  0.00,  0.61
0001d0d65abd097eab0d,0, 98.05,  1.43,  0.00,  0.14,  0.00,  0.38
000147469285cbd0b5f6,0, 98.89,  1.06,  0.00,  0.03,  0.00,  0.02
0001efc4174c3cca77fd,0, 98.64,  1.21,  0.00,  0.04,  0.00,  0.11
0001b5a1e0fc50d79b56,0, 98.34,  0.81,  0.00,  0.81,  0.00,  0.04
00015e743736868ff54c,0, 90.68,  5.06,  0.00,  2.80,  0.00,  1.47
000172d5bc99f28fc590,0, 99.83,  0.17,  0.00,  0.00,  0.00,  0.00
0001af095f0de24456a0,0, 87.40,  1.39,  0.00, 11.20,  0.00,  0.01
00011d5f3c3222d04fe7,4,  0.00,  0.00,  1.91,  0.00, 98.09,  0.00
0001602278c9ae05f631,2,  0.00,  1.00, 98.99,  0.00,  0.00,  0.00
0001edf17264bb7a990a,0, 94.53,  5.28,  0.00,  0.00,  0.00,  0.19
0001418f882a05d70bd8,0, 88.40,  8.79,  0.00,  0.00,  0.00,  2.81
000182926541e402088d,5,  0.72,  9.55,  0.01,  0.00,  0.00, 89.72
000105b0f10eefe81a75,2,  0.00,  0.22, 99.77,  0.00,  0.00,  0.01
0001d2cd2b85a5c268af,3,  0.05,  0.03,  0.00, 99.92,  0.00,  0.00
0001a95cfc61a9783274,3,  0.00, 13.47, 84.32,  1.51,  0.02,  0.68
00012c33d89e7911eb3d,4,  0.00,  0.00,  0.01,  0.00, 97.19,  2.80
0001e614941b343fd61d,0, 99.85,  0.14,  0.00,  0.00,  0.00,  0.00
0001047c6d6e75273970,2,  0.00,  1.09, 98.91,  0.00,  0.00,  0.00
0001e0d291961e7a98d4,2,  0.00,  1.27, 98.73,  0.00,  0.00,  0.00
000126653c04e931f523,0, 99.48,  0.27,  0.00,  0.22,  0.00,  0.03
0001700e777aeb876f44,0, 98.93,  0.64,  0.00,  0.35,  0.00,  0.08
0001fbd99cfb543ccda7,3,  0.00,  2.15, 96.26,  0.00,  0.18,  1.41
0001648dbee006ed19d1,0, 97.20,  1.54,  0.00,  1.09,  0.00,  0.17
00018139221dc31ba180,5,  0.01,  0.58,  0.00,  0.00,  0.00, 99.41
000159f6b9020b1715cd,3,  0.52,  0.70,  0.00, 98.77,  0.00,  0.00
000109c66c9068d4fc24,2,  0.00,  0.03, 99.96,  0.00,  0.00,  0.00
00011220669b16fa82a5,0, 99.32,  0.50,  0.00,  0.16,  0.00,  0.01
0001fd30c086865561ae,0, 94.90,  2.41,  0.00,  0.31,  0.00,  2.39
0001521102d374cc864d,0, 97.15,  0.99,  0.00,  1.81,  0.00,  0.05
0001c6ca91969600d492,0, 67.56, 10.80,  0.00,  1.32,  0.00, 20.33
00011684fd3e427a4f97,5,  0.11,  1.16,  0.00,  0.00,  0.00, 98.73
00017003274817653abe,0, 99.45,  0.34,  0.00,  0.19,  0.00,  0.03
000147e22c9caba1ca9f,5,  0.09,  1.18,  0.00,  0.01,  0.00, 98.72
0001db922720f250f326,5,  0.00,  0.03,  0.00,  0.00,  0.00, 99.97
00011972b30d3e38047f,3,  2.64,  0.16,  0.00, 97.20,  0.00,  0.00
00011695309b4333a188,2,  0.00,  5.68, 94.31,  0.00,  0.00,  0.01
000168113f584c6a67a6,3,  0.00,  0.11,  0.00, 99.89,  0.00,  0.00
00017209e78a74f6655d,0, 96.95,  0.24,  0.00,  2.80,  0.00,  0.00
0001476f165952946ffc,0, 99.17,  0.36,  0.00,  0.44,  0.00,  0.02
0001fafce95e25d9849f,0, 99.37,  0.58,  0.00,  0.00,  0.00,  0.05
0001db4f09a385397786,0, 99.08,  0.30,  0.00,  0.60,  0.00,  0.02
0001bb4d907f3ed90360,0, 99.04,  0.55,  0.00,  0.39,  0.00,  0.02
0001a63ce953c7889a8c,5,  0.00,  0.03,  0.00,  0.00,  0.00, 99.96
000155e2e30f5e270539,0, 99.65,  0.19,  0.00,  0.15,  0.00,  0.01
00012076261ed235fbef,2,  0.00,  0.05, 99.90,  0.00,  0.04,  0.00
00019120c1257157611c,0, 99.24,  0.69,  0.00,  0.02,  0.00,  0.05
0001ceb802b4ce8ed0a3,4,  0.00,  0.00,  0.56,  0.00, 99.33,  0.10
000130f2017cf2b771ad,3,  0.01,  0.01,  0.00, 99.97,  0.00,  0.00
00014c453fde5c45f1d1,0, 98.64,  1.21,  0.00,  0.08,  0.00,  0.06
0001cfb3ac7c1a8570f0,3,  0.00,  0.00,  0.00,100.00,  0.00,  0.00
00019ebccf7325202402,4,  0.00,  0.00,  0.15,  0.00, 99.85,  0.00
0001d74e4248d1bce7fb,2,  0.00,  3.93, 96.07,  0.00,  0.00,  0.00
0001313c39e9585e86f4,3,  1.11,  1.95,  0.00, 96.81,  0.00,  0.13
0001ce44664578be2fc8,1,  0.03, 42.66,  3.77,  0.00,  0.00, 53.54
0001eefbdfb46f64419b,2,  0.00,  0.22, 99.77,  0.00,  0.01,  0.00
00013956ffec91caf8ba,3,  0.01,  3.73,  0.05, 95.86,  0.00,  0.34
000162e121d9ba23e4f9,4,  0.00,  0.00,  4.49,  0.00, 95.50,  0.01
00013b9953d2bcfd70da,3,  0.07,  3.57,  0.01, 95.84,  0.00,  0.51
0001c35df31f9476b255,2,  0.00,  2.53, 97.46,  0.00,  0.00,  0.01
00017cc60e142cd2e88a,2,  0.00,  1.16, 98.82,  0.00,  0.01,  0.02
00011fb2061b2fbfc429,4,  0.00,  0.00,  1.54,  0.00, 98.45,  0.01
00015df778f66609c7ba,5,  0.08,  2.99,  0.00,  0.00,  0.00, 96.92
000184deb6a54151b1cb,1,  1.46, 97.81,  0.41,  0.00,  0.00,  0.31
0001f2f098988ed882b5,0, 99.05,  0.58,  0.00,  0.30,  0.00,  0.07
000149ffdf54e950d476,0, 99.06,  0.37,  0.00,  0.57,  0.00,  0.00
00016ef011561bfaab47,4,  0.00,  0.00,  0.04,  0.00, 99.95,  0.00
0001d29c2464720d9967,4,  0.00,  0.00,  0.84,  0.00, 99.16,  0.00
000124dff1555591d13f,3,  0.08,  0.22,  0.00, 99.70,  0.00,  0.00
00011dc63309a29520cb,3,  0.04,  0.55,  0.00, 99.19,  0.00,  0.22
00015fbce9d0cbff76d8,3,  0.01,  0.01,  0.00, 99.97,  0.00,  0.00
00016ce7fa91155c33a3,4,  0.00,  0.00,  0.39,  0.00, 99.61,  0.00
00016c3abb4db607151a,4,  0.00,  0.00,  0.04,  0.00, 99.69,  0.27
0001da8bdb2036867421,3,  0.02,  0.93,  0.00, 98.67,  0.00,  0.38
000113b601e7549218cd,5,  0.18,  1.39,  0.00,  0.00,  0.00, 98.43
000134c78032404c2fe3,3,  1.56,  2.71,  0.00, 95.45,  0.00,  0.29
0001d224a85a0bb46b35,5,  0.52,  3.72,  0.01,  0.00,  0.00, 95.75
0001930f7033d6649fee,0, 98.99,  0.38,  0.00,  0.58,  0.00,  0.04
00019a0c134b3c37db6c,2,  0.00,  0.73, 99.27,  0.00,  0.00,  0.01
0001c7e48fe57484cef3,0, 99.17,  0.25,  0.00,  0.57,  0.00,  0.01
00017456fd04eb072bd0,0, 99.39,  0.12,  0.00,  0.47,  0.00,  0.01
0001ff1ec4929707ed55,0, 99.33,  0.40,  0.00,  0.26,  0.00,  0.00
0001e48a24e021386d29,4,  0.00,  0.00,  0.01,  0.00, 99.99,  0.00
0001f6d1a3d0968a5418,4,  0.00,  0.00,  1.04,  0.00, 98.89,  0.07
000176259a13d91012e0,4,  0.00,  0.00,  0.06,  0.00, 99.92,  0.03
0001fda266b63dddd541,3,  2.91, 12.39,  0.01, 82.99,  0.00,  1.69
00018d71eaeee5359d87,0,100.00,  0.00,  0.00,  0.00,  0.00,  0.00
0001357e2f1ba4de46c4,3,  0.00,  2.42,  0.46, 97.10,  0.00,  0.02
0001c3f459ab26597a3a,2,  0.00,  0.98, 99.00,  0.00,  0.01,  0.01
0001bd5627760f7e085b,4,  0.00,  0.00,  1.70,  0.00, 98.24,  0.05
000199427a04f84c43e8,2,  0.00,  0.73, 99.27,  0.00,  0.00,  0.00
0001bf551da54a48e393,0, 99.13,  0.73,  0.00,  0.06,  0.00,  0.08
0001e38649d1550c9f49,3,  0.01,  0.35,  0.00,  0.00,  0.00, 99.64
0001cb34c2de25179209,2,  0.00,  0.06, 99.90,  0.00,  0.04,  0.01
0001f429aec2c791ed2e,5,  0.04,  0.03,  0.00, 99.93,  0.00,  0.00
0001811f17e10165930d,4,  0.00,  0.00,  0.01,  0.00, 99.99,  0.00
00017e028ac80326bab1,3,  0.01,  0.09,  0.00, 99.90,  0.00,  0.00
0001c67e97ec1fab4e4a,0, 97.13,  2.64,  0.00,  0.09,  0.00,  0.14
00011f2e83ca2b5a5e24,2,  0.00,  0.44, 99.50,  0.00,  0.03,  0.03
0001b951e9c1c9a98eec,1,  0.96, 98.78,  0.21,  0.01,  0.00,  0.04
00013416f360024b30fa,0, 98.40,  0.62,  0.00,  0.94,  0.00,  0.04
000195e43cd88c895329,1, 83.37, 16.53,  0.00,  0.01,  0.00,  0.09
0001ff2b69dd5c0609af,2,  0.00,  2.67, 97.33,  0.00,  0.00,  0.00
00011bcf3ed07c8792eb,0, 99.25,  0.14,  0.00,  0.61,  0.00,  0.00
000194be04a67a93089e,4,  0.00,  0.00,  0.09,  0.00, 99.88,  0.04
00015a9d6f86b5903d94,5,  0.02,  1.02,  0.00,  0.00,  0.00, 98.95
00011194df14b0a728c2,4,  0.00,  0.00,  0.01,  0.00, 99.99,  0.00
00019e4f34b098db9e22,4,  0.00,  0.00,  0.24,  0.00, 87.59, 12.16
0001cf296390837096e1,5,  0.00,  0.00,  0.03,  0.00,  0.50, 99.47
000105be73dbe16b3ea0,2,  0.00,  1.68, 98.32,  0.00,  0.00,  0.00
000144b99a5229bef9cc,3,  0.00,  0.05,  0.00, 99.94,  0.00,  0.00
0001222b4ffa9ca9a0f4,2,  0.00,  0.03, 99.96,  0.00,  0.01,  0.00
00013a66256154e34a44,4,  0.00,  0.00,  0.09,  0.00, 99.90,  0.01
00015b79a2d73bc75664,0, 98.69,  0.55,  0.00,  0.74,  0.00,  0.03
00014b8cf147c82eda44,5,  0.03,  0.98,  0.00,  0.00,  0.00, 98.99
00017ace8cb8d4e1292d,5,  0.20,  7.44,  0.01,  0.05,  0.00, 92.30
0001499bbc72030d6b2f,5,  0.00,  0.98,  0.01,  0.00,  0.00, 99.01
00010045c7f2217e9bb4,0, 99.27,  0.50,  0.00,  0.18,  0.00,  0.05
000137e9992837db11b4,5,  0.00,  0.61,  0.06,  0.00,  0.00, 99.33
0001de29dd177de7db67,5,  0.00,  1.13,  0.05,  0.04,  0.00, 98.78
0001b50d9545604d22e2,0, 99.23,  0.40,  0.00,  0.36,  0.00,  0.01
00010d52970ec428920f,3,  0.11,  0.11,  0.00, 99.74,  0.00,  0.04
000111d80366a4aad0e9,4,  0.00,  0.00,  0.10,  0.00, 99.89,  0.01
0001699cb9de53030d11,5,  0.00,  0.19,  0.05,  0.00,  0.00, 99.76
0001eb8bd60f3faa2902,5,  0.01,  2.86,  0.04,  0.00,  0.00, 97.10
00010fe3a2c28a293d42,4,  0.00,  0.00,  0.02,  0.00, 99.97,  0.01
000173d20a9b7a9592ef,5,  0.00,  1.26,  0.15,  0.00,  0.00, 98.60
0001742837e58f95ba0a,4,  0.00,  0.00,  0.60,  0.00, 99.40,  0.00
0001ded1d6abe228499d,5,  0.01,  0.81,  0.01,  0.00,  0.00, 99.18
00015a498b3813f40337,3,  0.01,  0.00,  0.00, 99.99,  0.00,  0.00
0001915c66d326fee3c1,4,  0.00,  0.00,  0.42,  0.00, 99.50,  0.09
00018d3770e02430d470,0, 99.77,  0.17,  0.00,  0.00,  0.00,  0.06
000132d350b10bf2e63b,4,  0.00,  0.00,  0.05,  0.00, 99.95,  0.00
00012f4fc2d715f5ccf5,0, 93.20,  1.42,  0.00,  0.02,  0.00,  5.37
000111125807dfbb5b79,1,  0.01, 84.89, 14.63,  0.00,  0.00,  0.47
000186ba59d866981747,3,  0.01,  0.01,  0.00, 99.98,  0.00,  0.00
0001ab3a129f756f893d,3,  0.01,  0.01,  0.00, 99.98,  0.00,  0.00
0001fa186f5a5826b0ab,1,  0.01, 81.63,  7.76,  0.00,  0.00, 10.60
00010c12ef348106fddb,2,  0.00,  0.25, 99.75,  0.00,  0.00,  0.00
00017522f1170efe80a2,5,  0.00,  0.15,  0.01,  0.00,  0.00, 99.84
00018fd348ea4bd80a3d,3, 97.76,  0.52,  0.00,  1.72,  0.00,  0.00
00010404fa62de8f7a11,5,  0.05,  0.68,  0.00,  0.00,  0.00, 99.26
00012a4f4acc574698a3,1,  0.09, 89.91,  3.61,  0.01,  0.00,  6.38
00014e1e18a9d1aa957d,3,  0.00,  0.09,  0.01, 99.82,  0.00,  0.07
0001c4795829c960c470,4,  0.00,  0.00,  0.43,  0.00, 99.23,  0.34
000103b257ef06b07da5,3,  0.01,  0.02,  0.00, 99.97,  0.00,  0.00
000130f7e275f48d3cbc,5,  0.00,  0.68,  0.01,  0.01,  0.00, 99.31
00012b2800101c2f5fca,2,  0.00,  0.82, 99.17,  0.00,  0.00,  0.00
00016f670fb1af3a75ac,0, 99.38,  0.11,  0.00,  0.50,  0.00,  0.01
000181b1223a631f4b8d,5,  0.09,  4.11,  0.01,  0.04,  0.00, 95.75
0001573bf61a9f63cd57,1,  0.09, 18.09,  0.22,  0.00,  0.00, 81.60
00018f6b890eaa814ff4,4,  0.00,  0.00,  0.09,  0.00, 99.91,  0.00
000173620be278012262,0, 99.53,  0.08,  0.00,  0.38,  0.00,  0.01
0001b33c5221d7b0c538,2,  0.00,  0.18, 99.82,  0.00,  0.01,  0.00
0001f5ce41af06dff066,2,  0.00,  3.30, 96.62,  0.00,  0.00,  0.07
0001a28ca58a92f6ff66,4,  0.00,  0.00,  0.09,  0.00, 99.91,  0.00
00018d8302d164edb8b1,3,  0.42,  0.86,  0.00, 98.62,  0.00,  0.11
0001d4536a4cae23e457,5,  0.02,  0.38,  0.00,  0.00,  0.00, 99.60
000129f80d4887c76667,4,  0.00,  0.00,  3.02,  0.00, 96.98,  0.00
00016e39469b8e2ac793,3,  0.03,  0.02,  0.00, 99.96,  0.00,  0.00
0001af8d24e1bb3e52da,3,  0.37,  0.02,  0.00, 99.62,  0.00,  0.00
0001034c3b63bf93b66b,3,  0.21,  0.12,  0.00, 99.67,  0.00,  0.00
0001769a3fc1ca44c8e2,3, 89.90,  2.40,  0.00,  7.69,  0.00,  0.02
00016245a8b62e64c3b4,4,  0.00,  0.00,  0.15,  0.00, 99.18,  0.66
0001c9742a60de692390,1,  0.16, 87.27,  1.44,  0.01,  0.00, 11.12
0001ac4b1f1c6f24016e,0, 98.78,  0.15,  0.00,  1.07,  0.00,  0.00
00018f42b22f4cd4da01,4,  0.00,  0.00,  0.10,  0.00, 99.89,  0.01
00012081f3e57ef0c684,2,  0.00,  0.03, 99.96,  0.00,  0.01,  0.00
000194d529781dba1014,3, 16.18,  0.16,  0.00, 83.66,  0.00,  0.00
0001cc8c96571f5b166e,4,  0.00,  0.00,  0.06,  0.00, 99.87,  0.07
0001fd805113f364af63,3,  0.02,  0.05,  0.00, 99.93,  0.00,  0.01
0001629b4901c0fa0b47,2,  0.00,  0.01, 99.95,  0.00,  0.04,  0.00
0001ab14fa33fc5aaafd,5,  0.13,  1.65,  0.00,  0.00,  0.00, 98.22
0001d2d5650b86a205e9,4,  0.00,  0.00,  3.49,  0.00, 96.44,  0.06
0001aea6cf6020b8e094,5,  0.70,  1.74,  0.00,  0.00,  0.00, 97.56
000169518ec236fffe8a,4,  0.00,  0.00,  0.07,  0.00, 99.93,  0.00
00017429a09484688806,3,  0.02,  0.01,  0.00, 99.97,  0.00,  0.00
00012c2a6b31bd8e80b1,3,  0.05,  0.10,  0.00, 99.84,  0.00,  0.00
0001f85e4985f36bc0f8,2,  0.00,  1.56, 98.36,  0.00,  0.01,  0.07
0001f3f088936112b22a,3,  0.03,  0.09,  0.00, 99.87,  0.00,  0.01
00013b53cccb033ea798,2,  0.00,  0.02, 99.98,  0.00,  0.00,  0.00
0001c240ce5c673fbf4e,5,  0.18,  7.84,  0.01,  0.01,  0.00, 91.96
0001a4b4f7eaf47ee6f0,2,  0.00,  0.01, 99.99,  0.00,  0.00,  0.00
0001bc7abd57b6624fe1,5,  0.00,  2.88,  0.28,  0.00,  0.00, 96.84
0001f1b3580bc9a46c09,4,  0.00,  0.00,  0.03,  0.00, 99.97,  0.00
0001f30c7469d575fcc6,3,  1.32,  0.10,  0.00, 98.58,  0.00,  0.00
0001f4f08e3375e68e78,2,  0.00,  0.00, 99.98,  0.00,  0.02,  0.00
00016ebc9e803f6e7d80,2,  0.00,  0.01, 99.34,  0.00,  0.65,  0.00
000132b9e53dbb47314f,2,  0.00,  0.03, 99.91,  0.00,  0.06,  0.00
000140d940d517e0064b,5,  3.80,  5.71,  0.00,  0.00,  0.00, 90.48
000117a0e7afc91333b8,0, 99.37,  0.44,  0.00,  0.17,  0.00,  0.01
0001c313ecd3eb8e2af8,0, 90.64,  2.59,  0.00,  0.20,  0.00,  6.58
0001243b755317b82717,0, 98.90,  0.52,  0.00,  0.57,  0.00,  0.01
0001b94af6d4c77497a4,0, 99.64,  0.24,  0.00,  0.10,  0.00,  0.03
000180a866d93b877dd4,0, 99.57,  0.24,  0.00,  0.14,  0.00,  0.06
000152548b517fd42727,2,  0.00,  0.74, 99.26,  0.00,  0.00,  0.00
0001c68ff4484a142fd6,4,  0.00,  0.00,  0.01,  0.00, 99.98,  0.02
00018f7870e163b86ead,5,  0.00,  0.04,  0.00,  0.00,  0.00, 99.96
000113a243992d2c73f4,2,  0.00,  1.20, 98.75,  0.00,  0.01,  0.05
000171ffeeb16fe6880d,3,  0.20,  0.03,  0.00, 99.77,  0.00,  0.00
00010f11399807f7f103,4,  0.00,  0.00,  0.09,  0.00, 99.91,  0.00
0001c44fec99043bf41a,2, 11.74, 14.95,  7.49,  0.00,  0.00, 65.82
0001827b47124b1d9cfc,4,  0.00,  0.00,  0.01,  0.00, 97.42,  2.57
0001ee7f2f265ebb48fe,5,  0.00,  0.32,  0.01,  0.00,  0.00, 99.68
0001e80a957f98280b2d,2,  0.00,  0.10, 99.88,  0.00,  0.02,  0.00
000196b2b4bda8c25e3a,5,  0.00,  0.10,  0.00,  0.00,  0.00, 99.90
0001ad12b21097c15cfb,4,  0.00,  0.00,  8.69,  0.00, 91.31,  0.00
000110a19a70ecb23b8f,3,  0.00,  1.51,  0.07, 60.80,  0.00, 37.62
00014dabd8810ee730f0,4,  0.00,  0.00,  0.01,  0.00, 99.99,  0.00
00011444e445f2fb059a,4,  0.00,  0.00,  0.18,  0.00, 79.42, 20.40
0001a9b35c5663e07992,2,  0.00,  0.18, 98.49,  0.00,  0.61,  0.72
00010504b97c0372f8de,4,  0.00,  0.00,  0.15,  0.00, 99.84,  0.01
0001b5a0ce3c37e50a1a,3,  0.00,  0.28,  0.61,  0.38,  0.56, 98.17
0001a975f326bf96181c,3,  0.07,  0.50,  0.00, 99.42,  0.00,  0.01
00011d3f233a1fe6d215,0, 99.77,  0.17,  0.00,  0.05,  0.00,  0.01
0001a8f3ef5997650be8,4,  0.00,  0.00,  0.03,  0.00, 99.87,  0.09
0001e93edd0e1fd7d15d,3,  0.01,  0.00,  0.00, 99.99,  0.00,  0.00
0001b3d8773bed6e62ef,3,  0.03,  0.06,  0.00, 99.91,  0.00,  0.00
000164589768431ab5c3,0, 98.73,  0.62,  0.00,  0.60,  0.00,  0.06
0001bca6903ae6926f27,5,  1.17,  4.56,  0.00,  0.00,  0.00, 94.27
0001eef69a5d3d441585,4,  0.00,  0.00,  0.20,  0.00, 99.80,  0.00
00012fa67b837ffdfb8f,0, 94.23,  4.20,  0.00,  1.47,  0.00,  0.10
00011f091d50a3ca5bd0,3,  0.01,  0.08,  0.00, 99.91,  0.00,  0.00
00014ef22cfd8845ad5f,5,  0.17,  6.23,  0.01,  0.00,  0.00, 93.59
0001aa540d98747e307d,3,  0.00,  0.01,  0.00, 99.99,  0.00,  0.00
0001596e71107a7769d9,4,  0.00,  0.00,  0.06,  0.00, 99.20,  0.74
0001d311ba61c0400b79,1,  0.08, 96.40,  1.07,  0.00,  0.00,  2.46
0001dd5df1b630d1618f,5,  0.00,  0.02,  0.00,  0.00,  0.00, 99.98
0001b6f12b0bd55dbd8f,4,  0.00,  0.00, 27.24,  0.00, 72.76,  0.00
000128f8c257664970ad,3,  0.10,  0.31,  0.00, 99.21,  0.00,  0.39
00010b1451a2a00ab185,3, 26.81,  1.23,  0.00, 71.96,  0.00,  0.00
000129b68bea43d43429,0, 98.72,  0.84,  0.00,  0.42,  0.00,  0.02
0001912c9905d897c0ae,2,  0.00,  0.03, 99.82,  0.00,  0.14,  0.01
0001da5222cfcf042efe,0, 99.50,  0.42,  0.00,  0.06,  0.00,  0.03
0001707600f173f48675,5,  0.01,  0.36,  0.00,  0.00,  0.00, 99.63
0001d4742a24f34cc57f,4,  0.00,  0.00,  0.00,  0.00, 99.97,  0.02
00016ac7afa2f3f03888,2,  0.00,  0.00, 99.95,  0.00,  0.05,  0.00
000189fd1a3834bfa2df,2,  0.00,  0.00, 99.91,  0.00,  0.08,  0.00
000117f8f06136f98fc5,0, 92.21,  7.49,  0.00,  0.13,  0.00,  0.17
00015ef7fa8990d7d6b2,3,  0.00,  6.85,  7.21, 85.38,  0.00,  0.55
00010ba6bbc6cf455bff,4,  0.00,  0.00,  0.02,  0.00, 95.02,  4.96
0001bc20e325475764d9,5,  0.01,  1.24,  0.01,  0.00,  0.00, 98.74
0001bfc31f695a2557d5,4,  0.00,  0.00,  0.01,  0.00, 99.94,  0.06
000125374b2e6402652c,0, 98.56,  0.24,  0.00,  1.20,  0.00,  0.00
000157d2e4d710735d85,2,  0.00,  0.09, 99.90,  0.00,  0.01,  0.00
0001eb360008a48d84e7,0, 98.48,  1.20,  0.00,  0.27,  0.00,  0.05
0001156c5402f6cdb23e,2,  0.00,  0.00, 93.39,  0.00,  6.61,  0.00
00018b93090e39d33872,5,  0.00,  0.11,  0.06,  0.00,  0.01, 99.82
0001ab2727ce338736bc,4,  0.00,  0.00, 23.85,  0.00, 76.15,  0.00
0001d713a05a91ce72d5,0, 99.17,  0.65,  0.00,  0.16,  0.00,  0.02
0001baec53a5d1035ae3,4,  0.00,  0.00, 37.27,  0.00, 62.72,  0.00
0001d5898bc501e48c11,2,  0.00,  1.60, 98.38,  0.00,  0.00,  0.02
0001c82c5814c05d0642,4,  0.00,  0.00,  0.06,  0.00, 99.94,  0.01
000117a28547360a002c,2,  0.00,  1.48, 98.52,  0.00,  0.00,  0.00
000114db8e558c987d70,5,  0.03,  7.86,  0.08,  0.00,  0.00, 92.03
000129a200b6ac8300b2,0, 99.29,  0.19,  0.00,  0.52,  0.00,  0.00
000106b9e4d4c965004d,4,  0.00,  0.00,  0.17,  0.00, 99.83,  0.00
000178788359bcd19574,1,  0.09, 98.50,  0.74,  0.01,  0.00,  0.65
0001c22a1cb853c0b0e2,0, 94.05,  2.00,  0.00,  3.87,  0.00,  0.09
0001f349d66c75ec4805,2,  0.00,  0.01, 99.97,  0.00,  0.02,  0.00
0001a450566d9a7a75ab,2,  0.00,  0.00, 99.97,  0.00,  0.02,  0.00
000140ea75e6ec18eb8b,4,  0.00,  0.00,  9.18,  0.00, 90.82,  0.00
00011e7ce5c191643445,0, 99.21,  0.57,  0.00,  0.07,  0.00,  0.14
000196b558df5570d32f,0, 99.99,  0.00,  0.00,  0.00,  0.00,  0.00
0001a34604aea7e7b013,0, 99.69,  0.23,  0.00,  0.06,  0.00,  0.01
000195a58e2feefc9250,4,  0.00,  0.00,  0.56,  0.00, 99.43,  0.02
0001ce635e3bcf097c96,2,  0.00,  0.04, 99.91,  0.00,  0.04,  0.01
0001b8ed761665408623,4,  0.00,  0.00, 19.60,  0.00, 80.40,  0.00
00012600d79308389ced,0, 99.86,  0.11,  0.00,  0.01,  0.00,  0.02
0001ad91b2278d129254,5,  0.00,  0.07,  0.00,  0.00,  0.00, 99.93
0001152f277dc24c3f4c,0, 99.58,  0.30,  0.00,  0.08,  0.00,  0.05
000110736687fcd53ec1,0, 99.64,  0.28,  0.00,  0.01,  0.00,  0.07
0001c83c574e0b3b7a56,4,  0.00,  0.00,  0.14,  0.00, 95.47,  4.40
0001ee09cf5303e8916f,0, 93.40,  3.64,  0.00,  1.88,  0.00,  1.08
0001a6868b84f0359543,0, 99.53,  0.32,  0.00,  0.12,  0.00,  0.03
0001aaf851ff9d9f8158,0,  8.29, 84.34,  0.11,  0.08,  0.00,  7.18
0001af0c973b6874670f,2,  0.00,  2.28, 97.68,  0.00,  0.00,  0.04
0001b5bc2023f5f1fa9c,2,  0.00,  0.00, 99.93,  0.00,  0.07,  0.00
000132090a9ea4483f44,5,  0.00,  0.11,  0.02,  0.00,  0.00, 99.87
0001654bf8ff86b0433a,3, 10.03,  1.29,  0.00, 88.48,  0.00,  0.21
0001dea6df4affb5e3b2,4,  0.00,  0.00,  0.01,  0.00, 99.99,  0.00
00016282af0410e2f9e7,4,  0.00,  0.00,  0.03,  0.00, 99.97,  0.00
0001aa570bfd1c0d1493,0, 97.61,  0.47,  0.00,  1.91,  0.00,  0.01
00017394afe28dcfa417,0, 99.68,  0.13,  0.00,  0.18,  0.00,  0.00
000118524bab53666941,3,  0.09,  0.06,  0.00, 99.84,  0.00,  0.01
0001b721b97b09548f9d,0, 99.19,  0.22,  0.00,  0.58,  0.00,  0.02
0001b814e730957a508c,2,  0.00,  6.43, 93.57,  0.00,  0.00,  0.00
0001aa565bfb31272b94,5,  0.00,  1.02,  0.01,  0.02,  0.00, 98.95
00019175b896b05fe918,4,  0.00,  0.00,  0.34,  0.00, 99.61,  0.05
000178f273469014de33,0, 96.39,  1.31,  0.00,  2.26,  0.00,  0.04
0001f3e11432b044f42b,0, 99.49,  0.11,  0.00,  0.39,  0.00,  0.00
00010991dcd409291021,0, 99.48,  0.12,  0.00,  0.40,  0.00,  0.00
0001cf50e48ef6ea81c6,0, 99.39,  0.09,  0.00,  0.52,  0.00,  0.00
000108710872beddd984,0, 99.78,  0.05,  0.00,  0.17,  0.00,  0.00
00015aa28783bc49d37e,1,  0.26, 77.19,  0.89,  0.00,  0.00, 21.66
0001a56365af5f54f4f6,4,  0.00,  0.00,  0.77,  0.00, 99.23,  0.00
0001477b6a5f71137048,3,  0.03,  0.21,  0.00, 99.54,  0.00,  0.23
0001291c20ce28c4551a,0, 99.81,  0.18,  0.00,  0.01,  0.00,  0.00
00011067803b46f4fa88,0, 94.71,  4.17,  0.00,  1.07,  0.00,  0.05
000100e080bb8ee422f0,5,  0.02,  0.66,  0.00,  0.00,  0.00, 99.31
0001f74e0686f46957f1,4,  0.00,  0.00,  1.25,  0.00, 93.32,  5.43
000157c9a7a43d5e4492,2,  0.00,  0.01, 99.99,  0.00,  0.01,  0.00
00012294d0e25f67fe04,5, 18.05, 59.78,  0.08,  0.00,  0.00, 22.08
0001fd01f4f9763b9008,3,  0.05,  0.32,  0.00, 99.60,  0.00,  0.03
0001570911c07d61c48b,2,  0.00,  1.21, 98.79,  0.00,  0.00,  0.00
00012dd7fbfbda26e5d6,2,  0.00,  0.01, 99.98,  0.00,  0.01,  0.00
00018f167b6f09619dc2,5,  0.00,  0.20,  2.38,  0.00,  0.61, 96.81
0001c2c1cf4037a15c5e,2,  0.00,  0.05, 99.95,  0.00,  0.00,  0.00
0001aa7daa5da955aab9,5,  0.01,  0.51,  0.02,  0.00,  0.00, 99.46
000161a787181b8673bf,4,  0.00,  0.00,  0.14,  0.00, 80.50, 19.36
000192abc934e052b659,3,  0.05,  0.02,  0.00, 99.94,  0.00,  0.00
00012aa32f421c049615,0, 95.69,  4.02,  0.00,  0.05,  0.00,  0.24
000155ecce52a2060e7c,4,  0.00,  0.00,  0.08,  0.00, 18.19, 81.73
000116a43afd29623da5,3,  8.78,  0.24,  0.00, 90.98,  0.00,  0.00
00019b0f00f8cb1183bd,3,  5.48,  2.23,  0.00, 92.08,  0.00,  0.22
0001a76b517d250ed1e7,3,  7.20,  2.94,  0.00, 89.66,  0.00,  0.20
0001ba368999556b1608,2,  0.00,  0.07, 99.93,  0.00,  0.00,  0.00
000155f241511694cb85,2,  0.00,  0.06, 99.94,  0.00,  0.00,  0.00
0001f7ab9816e2f8c02b,4,  0.00,  0.00,  0.15,  0.00, 99.84,  0.01
0001a79637b81e625bd3,2,  0.00,  1.49, 98.51,  0.00,  0.00,  0.00
000113e310c5c22c1ae7,4,  0.00,  0.00,  0.15,  0.00, 99.85,  0.00
00015f4e572b4b8c243f,2,  0.00,  0.13, 99.87,  0.00,  0.00,  0.00
0001ff953524b989e64d,3,  0.10,  0.09,  0.00, 99.79,  0.00,  0.01
00011403d4362765a90f,3,  1.01,  0.04,  0.00, 98.95,  0.00,  0.00
000184187fc869c80094,5,  0.05,  2.34,  0.01,  0.00,  0.00, 97.60
0001eef625e601ee6b82,3,  0.09,  0.07,  0.00, 99.82,  0.00,  0.02
000179996bb301ced620,3,  0.98,  0.43,  0.00, 98.58,  0.00,  0.00
000142247f7f2bc9c3af,4,  0.00,  0.00,  0.13,  0.00, 99.87,  0.00
000166eb87ce1f026985,3,  0.01,  0.11,  0.00, 99.87,  0.00,  0.01
0001f91dfa169d45b26f,3,  0.02,  0.03,  0.00, 99.95,  0.00,  0.00
0001289454d5e9bea954,2,  0.00,  0.21, 99.79,  0.00,  0.00,  0.00
0001d57383fb4712c2ed,5,  0.04,  0.72,  0.00,  0.00,  0.00, 99.24
0001fb5bbedf4b63cba8,5,  0.01,  2.80,  0.06,  0.00,  0.00, 97.13
0001fcd8f8fa044f50c0,3,  3.06,  0.37,  0.00, 96.56,  0.00,  0.00
00015f96d2aefc977af6,4,  0.00,  0.00,  6.73,  0.00, 91.66,  1.60
0001c349a37923d55f12,3,  0.17,  0.36,  0.00, 99.41,  0.00,  0.05
00014f182780f687aa22,2,  0.00,  6.32, 93.68,  0.00,  0.00,  0.00
00012abbacf6ab4cc24a,5,  0.21,  5.18,  0.01,  0.00,  0.00, 94.61
0001e31e455c0356147a,4,  0.00,  0.00, 74.61,  0.00, 25.39,  0.00
0001aceb04a828eeebdc,5,  0.00,  0.84,  0.03,  0.00,  0.00, 99.12
000126e97900be534cdf,5,  1.76, 32.80,  0.08,  0.02,  0.00, 65.34
000183e8155cd3690bf4,5,  0.34, 27.18,  0.13,  0.05,  0.00, 72.31
0001f198210d3930e322,4,  0.00,  0.00,  1.23,  0.00, 98.48,  0.29
0001c55804899c48de44,3,  4.81,  1.48,  0.00, 93.68,  0.00,  0.03
000185f28a1c6e4b938a,0, 12.64, 81.25,  0.13,  4.18,  0.00,  1.80
00013a22e472d6814d89,2,  0.00,  0.01, 99.99,  0.00,  0.00,  0.00
00014b5f5d49a2710df1,2,  0.00,  0.03, 99.97,  0.00,  0.00,  0.00
0001917460f22fed0915,3,  0.35,  0.35,  0.00, 99.30,  0.00,  0.01
0001452baa64e8a4cdc4,3,  0.27,  0.18,  0.00, 99.55,  0.00,  0.00
00012d0bdd917c5b26c5,5,  0.01,  4.35,  0.11,  0.00,  0.00, 95.53
00019f39fcbcb24523f6,3,  0.04,  0.06,  0.00, 99.86,  0.00,  0.03
0001985228c80e801731,2,  0.00,  0.20, 99.79,  0.00,  0.01,  0.00
000160777e69a06ac7c6,1,  0.02, 98.29,  1.68,  0.00,  0.00,  0.02
0001c61d314444e194e9,3,  0.00,  0.00,  0.00, 99.99,  0.00,  0.00
00019ffb61e616e9222b,1, 19.21, 78.76,  0.56,  0.00,  0.00,  1.46
000164da6fc7480f0479,5,  0.03,  2.04,  0.01,  0.00,  0.00, 97.92
0001966e522c648727bc,1,  0.04, 98.73,  1.20,  0.00,  0.00,  0.04
0001775c5d15e1d60cb4,5,  0.00,  0.81,  0.03,  0.00,  0.00, 99.16
000190eed1743f5dc17a,4,  0.00,  0.00,  3.03,  0.00, 96.95,  0.02
0001060fa96036c01faa,3,  0.05,  0.09,  0.00, 99.83,  0.00,  0.04
0001e5e372a63918a89f,0, 21.04, 22.38,  0.00, 56.44,  0.00,  0.13
000116b79680763c76f4,2,  0.00,  0.14, 99.86,  0.00,  0.01,  0.00
00014242287a27e50cfa,0, 99.26,  0.66,  0.00,  0.03,  0.00,  0.05
000184fca828c6b30c31,4,  0.00,  0.00,  0.02,  0.00, 99.96,  0.02
0001d10b05d1f9c9a3b6,5,  0.03,  0.49,  0.00,  0.00,  0.00, 99.48
000105862e5aa32b1ff6,2,  0.00,  1.56, 98.44,  0.00,  0.00,  0.00
0001235f306b8e0bda40,2,  0.00,  1.56, 98.44,  0.00,  0.00,  0.00
000175ea14862e0d9607,2,  0.00,  1.06, 98.94,  0.00,  0.00,  0.00
0001ad45d4fdab98eb42,2,  0.00,  1.06, 98.94,  0.00,  0.00,  0.00
0001d32543a208aa3790,3,  8.55,  4.96,  0.00, 86.25,  0.00,  0.24
000106df8975b4cfd234,5,  0.00,  0.75,  0.04,  0.00,  0.00, 99.21
0001517efb281a4ea811,4,  0.00,  0.00,  0.08,  0.00, 99.92,  0.00
00014c1c68f9cf0e0621,2,  0.00,  2.74, 97.26,  0.00,  0.00,  0.00
0001cfc799755642248b,2,  0.00,  2.76, 97.24,  0.00,  0.00,  0.00
00013aa3aaf8c86d5289,2,  0.00,  2.19, 97.81,  0.00,  0.00,  0.00
0001668bf15454f023e8,2,  0.00,  2.49, 97.51,  0.00,  0.00,  0.00
000130eef3f2694777ea,3,  0.01,  0.03,  0.00, 99.95,  0.00,  0.00
0001883b3accbf455c04,3,  0.05,  0.04,  0.00, 99.91,  0.00,  0.00
