id,klass,prob0,prob1,prob2,prob3,prob4,prob5
0001b293f2237a4d2c56,3,  0.02,  0.00,  0.00, 99.62,  0.00,  0.36
00015e244aa7b977db90,2,  0.00,  0.04, 99.89,  0.00,  0.05,  0.02
0001ab1c89654742b8ac,2,  0.00,  1.05, 98.90,  0.00,  0.01,  0.03
00010546e97b002b627e,4,  0.00,  0.00,  0.00,  0.00, 99.89,  0.11
00015cf8b09960893cdd,3,  0.04,  0.02,  0.00, 99.91,  0.00,  0.04
000179f501d892a65f64,3,  0.03,  0.01,  0.00, 99.89,  0.00,  0.08
000139cf5f30c1a281b3,3,  0.09,  0.02,  0.00, 99.87,  0.00,  0.02
00016f1526c5d1f67765,0, 98.75,  1.08,  0.12,  0.02,  0.00,  0.03
0001567510b05ec1be03,5,  0.03,  0.03,  0.04,  0.00,  0.00, 99.91
0001cc97149a2e7df535,2,  0.00,  1.10, 98.57,  0.00,  0.19,  0.14
0001bb994dd1f96beb5d,4,  0.00,  0.00,  0.02,  0.00, 99.97,  0.01
0001519fa5f9533ae6c5,0, 88.97,  0.29,  0.00, 10.50,  0.00,  0.24
0001712cd06317f8a8ba,0, 94.28,  0.37,  0.00,  4.95,  0.00,  0.40
000119ab28cf09fc6d17,2,  0.00,  0.06, 99.89,  0.00,  0.04,  0.01
00016e4654d764e222f4,4,  0.00,  0.00,  0.03,  0.00, 99.45,  0.53
00018942ffbfc5959737,3,  0.75,  0.05,  0.00, 99.17,  0.00,  0.03
000116520f7b4f05b123,5,  2.62,  0.24,  0.01,  0.28,  0.00, 96.85
0001ddf56b2a2d6b063c,4,  0.00,  0.00,  0.14,  0.00, 96.35,  3.51
00017213d6c3d0a6a39e,1,  0.28, 98.50,  0.89,  0.11,  0.00,  0.22
0001855d7df843d9877a,5,  0.16,  0.11,  0.01,  0.16,  0.00, 99.57
00014e9e76441766b065,2,  0.00,  2.20, 97.73,  0.00,  0.03,  0.04
000149cb8e8c8e7b19b2,2,  0.00,  0.95, 98.82,  0.00,  0.16,  0.07
000107129cf84d947647,3,  0.35,  0.04,  0.00, 99.57,  0.00,  0.03
000134dfe1e68f45ef04,0, 75.62,  5.37,  0.08,  0.07,  0.00, 18.86
0001c52b5c3188e8c65d,4,  0.00,  0.00,  0.00,  0.00, 99.98,  0.02
000103aa4511fba1eae6,2,  0.03,  1.14, 98.13,  0.00,  0.09,  0.62
000139136a69903864ee,3,  0.12,  0.03,  0.00, 99.69,  0.00,  0.16
0001bb8138fa7f2bee46,3,  0.07,  0.01,  0.00, 99.75,  0.00,  0.18
0001f183f333bdfbb6a0,5,  0.27,  0.04,  0.01,  0.05,  0.00, 99.63
0001fde6f77456f8e893,3,  7.77,  1.33,  0.05, 89.67,  0.00,  1.18
000107b9767360da06dd,0, 99.48,  0.16,  0.00,  0.21,  0.00,  0.15
000122b2d0a6bffe7a7b,5,  0.00,  1.93, 98.05,  0.00,  0.01,  0.01
000160e20b6be52473a0,2,  0.00,  4.20, 95.72,  0.00,  0.02,  0.05
00019ba6d86e68ac5d94,4,  0.00,  0.00,  0.12,  0.00, 99.70,  0.18
00012a8acafb40fd70be,3,  0.27,  0.02,  0.00, 99.02,  0.00,  0.68
0001d6bc1c8e2bc364b1,4,  0.00,  0.00,  0.35,  0.00, 98.30,  1.34
0001cd65dc4ea9e115e6,3,  0.11,  0.06,  0.00, 99.82,  0.00,  0.01
000161f30b5a36eaa592,4,  0.00,  0.00,  0.01,  0.00, 99.96,  0.04
00016061a10342d49bc7,2,  0.00,  0.53, 98.00,  0.00,  0.70,  0.78
00011afa99a72204f7d6,2,  0.02,  1.16, 97.69,  0.00,  0.16,  0.96
0001c90266106d1735ce,3, 96.32,  0.05,  0.00,  0.08,  0.00,  3.55
0001a3730068b96f29a8,2,  0.00,  0.15, 99.58,  0.00,  0.25,  0.02
0001915696f092a0869a,5,  0.31,  1.44,  0.06,  0.10,  0.00, 98.08
00012404f6e34c13fb83,4,  0.00,  0.00,  0.02,  0.00, 78.58, 21.40
00014e398da900eb2b63,2,  0.00,  0.04, 99.64,  0.00,  0.29,  0.03
000171d5d1af37112d81,3,  0.77,  0.07,  0.00, 99.11,  0.00,  0.05
0001a16a542448c62458,2,  0.00,  0.02, 99.67,  0.00,  0.31,  0.00
0001375f9715d17c4104,5,  0.01,  0.17,  0.03,  0.02,  0.00, 99.76
000138db229171056543,3,  0.19,  0.06,  0.00, 99.59,  0.00,  0.16
0001021e3f4ea43d73f1,5,  0.05,  0.48,  0.07,  0.05,  0.00, 99.35
000113448169c7253cb2,2,  0.00,  0.04, 99.92,  0.00,  0.03,  0.01
0001cd90021088ae42f1,2,  0.01,  0.99, 98.92,  0.00,  0.02,  0.06
000178956fc3eb5a90cd,1,  0.21, 96.87,  2.74,  0.02,  0.00,  0.16
0001ab6e5391d426f7c8,2,  0.02,  1.99, 97.98,  0.00,  0.00,  0.01
0001304bda9dd23e37da,2,  0.01,  2.08, 97.68,  0.00,  0.03,  0.20
0001ec5effcb01ef5561,2,  0.10,  5.92, 88.33,  0.00,  0.80,  4.86
0001e052c25afd3ff0ca,4,  0.00,  0.00,  0.00,  0.00, 97.72,  2.27
00014ccfa628cc4d6aac,3,  0.76,  0.02,  0.00, 99.18,  0.00,  0.03
0001658ef6222992de61,3,  0.06,  0.01,  0.00, 99.87,  0.00,  0.05
000179bc6bc25472981a,4,  0.00,  0.00,  1.11,  0.00, 93.49,  5.39
00012c50a4dbcc398b0e,3,  0.26,  0.01,  0.00, 99.71,  0.00,  0.01
0001688b9628101d6cfa,0, 98.58,  0.43,  0.00,  0.86,  0.00,  0.13
000158ab1fd894878917,0, 99.71,  0.09,  0.00,  0.04,  0.00,  0.16
0001095d1ed1cd3d455f,0, 99.36,  0.32,  0.00,  0.10,  0.00,  0.21
00013a6a19bca42c1f3a,0, 99.37,  0.15,  0.00,  0.08,  0.00,  0.39
0001c35bf21cfdff766e,0, 99.30,  0.24,  0.01,  0.05,  0.00,  0.39
0001ec17ce4b9700d077,0, 98.00,  1.21,  0.02,  0.20,  0.00,  0.58
0001712132c83daf996e,0, 97.91,  0.73,  0.00,  0.98,  0.00,  0.38
0001394504bfa6172aa0,0, 99.93,  0.03,  0.00,  0.01,  0.00,  0.03
0001d8b396ce046ce241,2,  0.00,  0.55, 99.04,  0.00,  0.21,  0.19
0001819c5bfb92fc42e7,2,  0.32,  0.06, 96.42,  0.00,  1.60,  1.60
000136465b21bf240c19,5,  0.29,  0.12,  0.01,  0.05,  0.00, 99.53
00015fba9266dfb03ff9,4,  0.00,  0.00,  0.04,  0.00, 99.95,  0.01
00019b3e947e0a5154c2,4,  0.00,  0.00,  0.10,  0.00, 99.87,  0.03
0001bc47eeae8d25fb88,1,  1.47, 44.01,  5.76,  0.68,  0.01, 48.08
0001eda91e2e7e3bbd79,2,  0.42,  0.18, 98.97,  0.00,  0.03,  0.39
0001135564944bfeb610,2,  0.04,  0.94, 98.81,  0.00,  0.11,  0.10
00017a4dfc041f462a0e,4,  0.00,  0.00,  0.04,  0.00, 99.78,  0.17
000181226c939aff4165,5,  0.10,  0.13,  0.02,  0.06,  0.00, 99.69
00015b2389c7fbf81a6c,0, 97.63,  0.11,  0.00,  2.22,  0.00,  0.03
0001cc946836b6c82bc1,2,  0.04,  0.07, 83.54,  0.00, 14.89,  1.46
000170e66d9da73ac1c4,3,  0.15,  0.03,  0.00, 99.38,  0.00,  0.44
000198d0f2b6a1e35fbb,5,  0.07,  0.37,  0.13,  0.00,  0.01, 99.42
00019a247360403f7b30,0, 98.54,  0.24,  0.00,  0.96,  0.00,  0.26
0001ee24472ca1921024,0, 98.27,  0.25,  0.00,  1.21,  0.00,  0.26
0001918f65fca12c3583,1,  8.94, 65.93,  7.12,  0.89,  0.00, 17.12
000172199889bba6ee6d,3,  0.09,  0.01,  0.00, 99.66,  0.00,  0.24
0001fd1a340b15bf4c7c,3,  0.27,  0.03,  0.00, 99.54,  0.00,  0.16
00012ebb836d19c856e5,0, 99.57,  0.18,  0.00,  0.19,  0.00,  0.07
0001138ad76323ee339f,0, 99.41,  0.49,  0.00,  0.06,  0.00,  0.04
0001198dd94c5af97ccb,4,  0.00,  0.00,  0.01,  0.00, 99.99,  0.01
0001da22cba77498042b,4,  0.00,  0.00,  0.02,  0.00, 99.96,  0.01
000160798ae37f9ab423,5,  0.18,  1.48,  0.25,  0.05,  0.00, 98.05
00010e3fecd97a1aff57,5,  0.11,  0.66,  0.16,  0.04,  0.00, 99.03
00014207e48cf256f234,0, 99.18,  0.14,  0.00,  0.68,  0.00,  0.01
00012f45ea4491f339ee,0, 99.17,  0.48,  0.01,  0.26,  0.00,  0.07
0001a1d561b0492f14fb,0, 92.88,  0.81,  0.01,  5.45,  0.00,  0.86
0001ed0ac56809eb94d6,4,  0.00,  0.00,  0.00,  0.00, 97.90,  2.09
00014515ae0cb956abcd,3,  0.11,  0.01,  0.00, 99.67,  0.00,  0.21
000177ddfe6355d549ca,5,  0.03,  0.17,  0.04,  0.02,  0.00, 99.75
00012fd3b58ed52962c2,3,  0.34,  0.05,  0.00, 96.78,  0.00,  2.83
0001a34b06f925d4ec80,5,  0.01,  0.07,  0.03,  0.01,  0.00, 99.87
0001dffcc67c56e903f1,3,  0.24,  0.05,  0.00, 97.26,  0.00,  2.44
0001912593bfcd5fbc7e,2,  0.00,  0.00,  0.94,  0.00, 98.85,  0.20
00012dff459fd87a52b4,2,  0.00,  0.01, 75.91,  0.00, 24.03,  0.05
00012edffe2a9ba1824c,2,  0.00,  0.00, 11.86,  0.00, 87.46,  0.67
0001bff9a690b9ea4850,2,  0.01,  1.64, 98.34,  0.00,  0.00,  0.01
00014a30c975dadabcc3,5,  0.07,  0.25,  0.04,  0.04,  0.00, 99.60
0001323e92f876f30d34,2,  0.00,  0.03, 77.25,  0.00, 22.09,  0.63
0001ada7800fe925d264,3,  3.54,  0.06,  0.00, 96.36,  0.00,  0.04
00016681a314cc069287,4,  0.00,  0.00,  0.77,  0.00, 99.21,  0.02
0001355bcd0330a0f961,3,  0.77,  0.06,  0.01, 98.63,  0.00,  0.53
000130727ce9ba0a4981,5,  0.07,  0.06,  0.02,  0.24,  0.00, 99.61
0001220002ce2322592e,4,  0.00,  0.00,  0.00,  0.00, 99.36,  0.64
000192dbd27c8156e019,4,  0.00,  0.00,  0.00,  0.00, 94.76,  5.23
00010383bf1dd13c2939,3,  0.06,  0.02,  0.00, 99.65,  0.00,  0.27
0001adf0916501384976,4,  0.00,  0.00,  0.00,  0.00, 97.48,  2.52
0001e7ad3e5632bfca0c,4,  0.00,  0.00,  0.00,  0.00, 98.02,  1.98
00016552039ddb2ba204,5,  0.89,  0.65,  0.03,  0.29,  0.00, 98.14
000165d9a1794f172a84,0, 98.66,  0.47,  0.00,  0.83,  0.00,  0.05
0001a9cb68a4d280108b,0, 98.62,  0.48,  0.00,  0.84,  0.00,  0.06
0001bad2ebf1d4f2e1fb,0, 97.76,  0.46,  0.00,  1.73,  0.00,  0.04
0001d0492c975b547ed9,0, 97.42,  0.67,  0.00,  1.88,  0.00,  0.03
000180ce3abda073cdcf,0, 99.19,  0.33,  0.00,  0.37,  0.00,  0.11
000175d7460de896800e,0, 98.27,  0.27,  0.00,  1.41,  0.00,  0.05
0001f1b2b3688317a4bc,0, 98.95,  0.24,  0.00,  0.77,  0.00,  0.05
0001b57b03c8a1f7d62f,4,  0.00,  0.00,  0.00,  0.00, 98.56,  1.44
0001381d024a54c98387,0, 97.85,  0.08,  0.00,  2.01,  0.00,  0.07
000115dc710339903514,0, 98.21,  0.45,  0.01,  1.22,  0.00,  0.11
000163a2cb53d253faf9,0, 95.12,  0.15,  0.00,  4.70,  0.00,  0.03
00017ed1729f9170a8f9,0, 47.74,  1.09,  0.29, 35.49,  0.00, 15.40
0001473b1336d7aa4b4a,5,  0.22,  0.05,  0.01,  0.07,  0.00, 99.65
000117e6ae65827fb458,0, 99.30,  0.03,  0.00,  0.15,  0.00,  0.51
000106a9f86a3a294f05,0, 99.46,  0.06,  0.00,  0.44,  0.00,  0.05
000175165300a3e3a3c1,0, 99.51,  0.11,  0.00,  0.26,  0.00,  0.12
0001f1d0e631c51b5055,0, 97.62,  0.28,  0.00,  2.04,  0.00,  0.06
00014da4d4bc849b911b,1, 46.96, 50.17,  0.32,  0.45,  0.00,  2.10
0001d33cd05f806d078f,4,  0.00,  0.00,  0.04,  0.00, 99.93,  0.02
00015cbebd9f518c425a,0, 99.17,  0.21,  0.00,  0.51,  0.00,  0.11
00012ba9c2185834a019,0, 97.14,  0.65,  0.00,  2.00,  0.00,  0.20
0001fd4f52adccf35b75,3, 10.68,  0.05,  0.00, 89.14,  0.00,  0.12
00012ee0bc47f018df4a,2,  0.00,  0.75, 99.04,  0.00,  0.07,  0.14
0001d64c0bc8096f2714,2,  0.00,  0.46, 99.25,  0.00,  0.12,  0.16
0001471608579d47167f,2,  0.00,  0.09, 52.39,  0.00, 46.78,  0.74
000109d0fbdce4cae1f1,2,  0.00,  0.05, 96.66,  0.00,  3.22,  0.07
00017577b85ff2ef25ed,2,  0.00,  0.58, 99.23,  0.00,  0.07,  0.11
00016ec5495a40aa28c7,2,  0.00,  0.96, 98.96,  0.00,  0.03,  0.05
0001573c5d5c4b2bc2ac,0, 99.66,  0.03,  0.00,  0.32,  0.00,  0.00
0001576796ec7e11437c,0, 99.79,  0.03,  0.00,  0.18,  0.00,  0.00
00015c02821e73d675d5,5,  0.00,  0.00,  0.00,  0.00,  0.01, 99.98
00016aa02dd63b4235d4,4,  0.00,  0.00,  0.06,  0.00, 99.49,  0.45
0001baab06d8c10cbf39,4,  0.00,  0.00,  0.00,  0.00, 99.88,  0.12
00017a588fb4e1587edb,2,  0.02,  3.57, 95.76,  0.00,  0.05,  0.60
000114fa4d25a8821837,2,  0.01,  3.80, 95.97,  0.00,  0.03,  0.19
0001a6b4c3549814172e,3,  1.02,  0.56,  0.02, 98.37,  0.00,  0.03
0001b68ee08b8741129d,5,  0.28,  0.03,  0.00,  0.19,  0.00, 99.50
00014e9277b085b86a6c,5,  1.44,  0.15,  0.01,  0.74,  0.00, 97.67
000122260bc6b64af532,0, 98.12,  0.20,  0.00,  1.35,  0.00,  0.33
00011bd3619972926f44,0, 96.85,  0.21,  0.00,  2.12,  0.00,  0.82
00012b536b89dadf37cb,4,  0.00,  0.00,  0.00,  0.00, 99.60,  0.39
000149f43621e26bceb5,3,  0.08,  0.01,  0.00, 99.89,  0.00,  0.02
000135792dc9f98a054e,4,  0.00,  0.00,  0.00,  0.00, 99.99,  0.01
0001941ed95011f82614,2,  0.00,  0.59, 99.27,  0.00,  0.09,  0.05
0001eb2281e863960f69,2,  0.00,  0.14, 99.44,  0.00,  0.38,  0.04
0001e4bd849dbdf3f743,3,  0.17,  0.04,  0.00, 99.46,  0.00,  0.33
0001ba59ab573cd1bf94,3,  0.13,  0.07,  0.00, 99.58,  0.00,  0.23
00010f12523e01d7fcad,1,  0.74, 68.27,  5.01,  0.05,  0.01, 25.93
00016bee47bd321daafd,2,  0.00,  0.17, 99.75,  0.00,  0.06,  0.02
0001fb3bed4ef0864b8a,5,  0.03,  0.02,  0.01,  0.06,  0.00, 99.88
0001f73b55ba20f99a79,5,  0.06,  0.04,  0.01,  0.06,  0.00, 99.82
00012792003a6de203c3,4,  0.00,  0.00,  0.02,  0.00, 99.96,  0.02
00017c25e34141f015a2,5, 63.40,  0.00,  0.03,  0.00,  0.04, 36.52
0001572e75d27394af6e,2,  0.00,  0.09, 99.83,  0.00,  0.06,  0.02
0001e73ac5b9929d6e35,4,  0.00,  0.00,  0.00,  0.00, 99.89,  0.11
00012aa104e2f092c506,3,  0.15,  0.01,  0.00, 99.83,  0.00,  0.01
0001db3510ee5740163d,2,  0.00,  0.10, 98.34,  0.00,  1.52,  0.04
000107f754f2897bc2a7,2,  0.13,  0.19, 94.88,  0.00,  4.57,  0.23
0001e1ae5eb157afa2b2,2,  0.00,  0.01, 61.70,  0.00, 38.19,  0.10
0001ecf1f2a566165dfd,2,  0.00,  0.01, 89.88,  0.00,  9.98,  0.13
00018a59397f8bed1dcf,2,  0.00,  0.02, 87.58,  0.00, 11.86,  0.55
00014cb01bf96f0359a6,5,  0.00,  0.00,  0.00,  0.04,  0.06, 99.89
0001692fbc6b1f4794c4,3,  0.21,  0.13,  0.00, 99.63,  0.00,  0.03
00012611c7fc09d7e2d8,3,  0.06,  0.01,  0.00, 99.92,  0.00,  0.00
00019caf4548b7300cde,2,  0.03,  2.50, 97.23,  0.00,  0.02,  0.22
00016b21799bcca42258,2,  0.00,  0.08, 99.14,  0.00,  0.69,  0.09
0001d8db6e08e66f0f84,0, 99.77,  0.07,  0.00,  0.01,  0.00,  0.15
0001fa47d343b9d226b3,0, 99.88,  0.05,  0.00,  0.00,  0.00,  0.07
0001095dd2c65440d324,5,  0.08,  0.08,  0.01,  0.41,  0.00, 99.41
0001d03e2b267b0fe2fa,1, 67.81, 31.73,  0.33,  0.10,  0.00,  0.03
0001dcf0b67c7782072f,3,  0.04,  0.14,  0.01, 99.80,  0.00,  0.01
0001c2779378b732eacc,4,  0.00,  0.00,  0.08,  0.00, 99.89,  0.03
00016f465bc3041c9ef5,2,  0.00,  0.13, 98.51,  0.00,  1.20,  0.17
0001197b613969063650,5,  0.00,  0.00,  0.00,  0.00, 95.28,  4.72
00010390198879564f85,2,  0.01,  1.48, 98.08,  0.00,  0.16,  0.28
00014c0fd755d3b93e32,2,  0.24, 13.59, 85.98,  0.01,  0.01,  0.18
0001482cce163b59a798,2,  0.00,  0.35, 99.01,  0.00,  0.58,  0.06
000130c12fd69240741c,4,  0.00,  0.00,  0.01,  0.00, 99.86,  0.13
00014b35b861d805a3c9,2,  0.00,  0.42, 99.58,  0.00,  0.00,  0.00
0001368d86e7099327df,0, 96.25,  1.80,  0.01,  1.37,  0.00,  0.57
0001f438842e89a60530,5,  0.12,  1.25,  0.09,  0.22,  0.00, 98.33
0001be005010eb5c6a92,5,  1.09,  2.45,  0.15,  0.20,  0.00, 96.12
0001bad31a6056e459e6,2,  0.00,  0.07, 94.99,  0.00,  3.94,  1.00
00013ea9b607736e66dd,0, 97.40,  0.15,  0.00,  1.27,  0.00,  1.19
00017ae0b09dbb9c6bb1,0, 98.66,  0.17,  0.00,  0.90,  0.00,  0.28
000153b2ae7dccea1719,4,  0.00,  0.00,  0.04,  0.00, 99.04,  0.93
0001cf08f5c6909b157e,0, 97.47,  0.10,  0.00,  2.34,  0.00,  0.09
0001399ff6ba2316ceea,4,  0.00,  0.00,  0.11,  0.00, 86.91, 12.98
00012c8ce661ca2b9f68,0, 97.51,  0.20,  0.00,  2.22,  0.00,  0.06
0001081348a79c9dfca4,2,  0.03,  0.03, 92.84,  0.00,  5.12,  1.98
00011f628ee32146fef1,5,  0.00,  0.05,  0.02,  0.04,  0.02, 99.87
0001024d2f8235049ecb,0, 99.67,  0.09,  0.00,  0.15,  0.00,  0.09
00014607c0d6358e3ec4,0, 99.63,  0.02,  0.00,  0.34,  0.00,  0.01
0001386ef47e59ed912c,0, 97.31,  0.39,  0.00,  2.12,  0.00,  0.18
00010f7880675091d77e,0, 99.32,  0.13,  0.00,  0.45,  0.00,  0.11
000146715dbabe9e2250,0, 99.85,  0.08,  0.00,  0.02,  0.00,  0.05
0001315f9972051dbcb9,0, 99.49,  0.05,  0.00,  0.13,  0.00,  0.33
0001658aebb9e0ecaa94,0, 99.81,  0.08,  0.00,  0.02,  0.00,  0.09
0001f40a7671ec97fb9e,0, 99.61,  0.10,  0.00,  0.08,  0.00,  0.20
00010ef2e75ee19a17ff,0, 99.67,  0.09,  0.00,  0.22,  0.00,  0.02
00017c28ceb52d8f9cf7,0, 97.01,  0.24,  0.00,  1.78,  0.00,  0.97
00016559492e99a2b298,0, 79.96, 12.10,  0.29,  2.34,  0.00,  5.31
0001d5bfea87f87dde0b,0, 96.63,  0.24,  0.00,  3.04,  0.00,  0.09
000173d7a9fc38d23991,0, 99.85,  0.01,  0.00,  0.13,  0.00,  0.01
0001d88144a1b2260c70,0, 99.76,  0.01,  0.00,  0.18,  0.00,  0.04
000194258a031bb9e051,2,  0.00,  0.15, 99.79,  0.00,  0.00,  0.06
000144fb325782e24805,5,  0.11,  0.07,  0.03,  0.00,  0.00, 99.79
000105580ec55e6c317f,2,  0.00,  0.12, 97.70,  0.00,  2.17,  0.00
000103abc108586e360a,0, 99.16,  0.20,  0.00,  0.54,  0.00,  0.10
0001ab25d8d42cd6cf02,1,  0.18, 86.62,  8.95,  1.83,  0.00,  2.42
0001495217d5c185a3d7,0, 98.52,  0.03,  0.00,  1.42,  0.00,  0.02
0001fee1a3a2977139d2,1, 19.37, 78.67,  0.64,  0.16,  0.00,  1.16
0001bdd82778a9216e3e,5,  0.00,  0.02,  0.01,  0.03,  0.01, 99.93
0001f840852039d54ddb,0, 98.84,  0.21,  0.00,  0.33,  0.00,  0.63
0001e067bcbeab30c254,0, 99.52,  0.07,  0.00,  0.18,  0.00,  0.23
00015764bfd05c5719a2,0, 99.96,  0.02,  0.00,  0.00,  0.00,  0.02
0001a4e0cfa9021ffb62,0, 96.85,  0.48,  0.05,  0.87,  0.00,  1.76
00014abd27f9b441b453,0, 98.78,  0.14,  0.00,  0.24,  0.00,  0.84
0001d0d65abd097eab0d,0, 98.34,  0.13,  0.00,  0.55,  0.00,  0.98
000147469285cbd0b5f6,0, 99.53,  0.23,  0.00,  0.14,  0.00,  0.11
0001efc4174c3cca77fd,0, 99.32,  0.13,  0.00,  0.24,  0.00,  0.32
0001b5a1e0fc50d79b56,0, 98.07,  0.20,  0.00,  1.52,  0.00,  0.22
00015e743736868ff54c,0, 89.57,  0.40,  0.01,  7.01,  0.00,  3.02
000172d5bc99f28fc590,0, 99.94,  0.02,  0.00,  0.00,  0.00,  0.03
0001af095f0de24456a0,0, 83.26,  0.64,  0.00, 15.99,  0.00,  0.11
00011d5f3c3222d04fe7,4,  0.00,  0.00,  0.43,  0.00, 99.57,  0.01
0001602278c9ae05f631,2,  0.00,  1.72, 98.19,  0.00,  0.02,  0.07
0001edf17264bb7a990a,0, 98.27,  1.28,  0.00,  0.00,  0.00,  0.44
0001418f882a05d70bd8,0, 93.69,  1.57,  0.01,  0.01,  0.00,  4.72
000182926541e402088d,5,  3.01,  1.30,  0.09,  0.00,  0.00, 95.59
000105b0f10eefe81a75,2,  0.00,  0.65, 99.25,  0.00,  0.00,  0.10
0001d2cd2b85a5c268af,3,  0.19,  0.01,  0.00, 99.73,  0.00,  0.07
0001a95cfc61a9783274,3,  0.00,  9.17, 21.82, 64.77,  0.69,  3.55
00012c33d89e7911eb3d,4,  0.00,  0.00,  0.00,  0.00, 96.53,  3.47
0001e614941b343fd61d,0, 99.97,  0.01,  0.00,  0.01,  0.00,  0.00
0001047c6d6e75273970,2,  0.00,  2.74, 97.25,  0.00,  0.00,  0.01
0001e0d291961e7a98d4,2,  0.00,  3.91, 96.01,  0.00,  0.02,  0.05
000126653c04e931f523,0, 99.64,  0.04,  0.00,  0.23,  0.00,  0.08
0001700e777aeb876f44,0, 98.99,  0.19,  0.00,  0.52,  0.00,  0.31
0001fbd99cfb543ccda7,3,  0.00,  2.98, 57.13,  0.28,  6.33, 33.28
0001648dbee006ed19d1,0, 97.97,  0.25,  0.00,  1.46,  0.00,  0.32
00018139221dc31ba180,5,  0.13,  0.10,  0.03,  0.03,  0.00, 99.72
000159f6b9020b1715cd,3,  3.12,  0.93,  0.01, 95.86,  0.00,  0.08
000109c66c9068d4fc24,2,  0.00,  0.08, 99.90,  0.00,  0.00,  0.02
00011220669b16fa82a5,0, 99.16,  0.18,  0.00,  0.58,  0.00,  0.08
0001fd30c086865561ae,0, 96.55,  0.18,  0.00,  0.67,  0.00,  2.59
0001521102d374cc864d,0, 95.28,  0.40,  0.00,  4.03,  0.00,  0.29
0001c6ca91969600d492,0, 83.61,  0.99,  0.02,  2.83,  0.00, 12.55
00011684fd3e427a4f97,5,  0.56,  0.13,  0.01,  0.09,  0.00, 99.21
00017003274817653abe,0, 99.04,  0.06,  0.00,  0.79,  0.00,  0.11
000147e22c9caba1ca9f,5,  0.63,  0.18,  0.01,  0.20,  0.00, 98.98
0001db922720f250f326,5,  0.02,  0.01,  0.01,  0.00,  0.02, 99.94
00011972b30d3e38047f,3,  5.36,  0.07,  0.00, 94.53,  0.00,  0.05
00011695309b4333a188,2,  0.05,  6.08, 93.37,  0.00,  0.04,  0.45
000168113f584c6a67a6,3,  0.00,  0.08,  0.00, 99.91,  0.00,  0.00
00017209e78a74f6655d,0, 96.99,  0.09,  0.00,  2.93,  0.00,  0.00
0001476f165952946ffc,0, 98.74,  0.12,  0.00,  0.96,  0.00,  0.18
0001fafce95e25d9849f,0, 99.67,  0.03,  0.00,  0.01,  0.00,  0.29
0001db4f09a385397786,0, 97.49,  0.17,  0.00,  2.19,  0.00,  0.14
0001bb4d907f3ed90360,0, 98.28,  0.25,  0.00,  1.30,  0.00,  0.17
0001a63ce953c7889a8c,5,  0.00,  0.01,  0.03,  0.00,  0.08, 99.88
000155e2e30f5e270539,0, 99.61,  0.03,  0.00,  0.31,  0.00,  0.04
00012076261ed235fbef,2,  0.00,  0.14, 98.80,  0.00,  0.80,  0.26
00019120c1257157611c,0, 99.24,  0.30,  0.00,  0.15,  0.00,  0.31
0001ceb802b4ce8ed0a3,4,  0.00,  0.00,  0.33,  0.00, 99.22,  0.46
000130f2017cf2b771ad,3,  0.14,  0.01,  0.00, 99.83,  0.00,  0.02
00014c453fde5c45f1d1,0, 98.64,  0.47,  0.00,  0.46,  0.00,  0.43
0001cfb3ac7c1a8570f0,3,  0.03,  0.00,  0.00, 99.96,  0.00,  0.00
00019ebccf7325202402,4,  0.00,  0.00,  0.17,  0.00, 99.82,  0.01
0001d74e4248d1bce7fb,2,  0.01, 13.48, 86.39,  0.00,  0.02,  0.11
0001313c39e9585e86f4,3,  2.97,  0.61,  0.01, 95.92,  0.00,  0.50
0001ce44664578be2fc8,1,  0.14, 46.62,  8.93,  0.03,  0.03, 44.24
0001eefbdfb46f64419b,2,  0.00,  0.59, 99.09,  0.00,  0.15,  0.17
00013956ffec91caf8ba,3,  0.12,  0.80,  0.21, 98.11,  0.00,  0.76
000162e121d9ba23e4f9,4,  0.00,  0.00,  2.11,  0.00, 97.82,  0.07
00013b9953d2bcfd70da,3,  0.60,  0.60,  0.10, 97.22,  0.00,  1.48
0001c35df31f9476b255,2,  0.02,  2.56, 97.16,  0.00,  0.03,  0.22
00017cc60e142cd2e88a,2,  0.01,  1.20, 98.03,  0.00,  0.18,  0.59
00011fb2061b2fbfc429,4,  0.00,  0.00,  0.35,  0.00, 99.58,  0.07
00015df778f66609c7ba,5,  0.40,  0.95,  0.06,  0.06,  0.00, 98.52
000184deb6a54151b1cb,1,  0.98, 97.12,  1.46,  0.01,  0.00,  0.43
0001f2f098988ed882b5,0, 99.09,  0.19,  0.00,  0.55,  0.00,  0.17
000149ffdf54e950d476,0, 97.90,  0.10,  0.00,  1.98,  0.00,  0.02
00016ef011561bfaab47,4,  0.00,  0.00,  0.01,  0.00, 99.96,  0.03
0001d29c2464720d9967,4,  0.00,  0.00,  0.09,  0.00, 99.89,  0.01
000124dff1555591d13f,3,  0.20,  0.09,  0.00, 99.61,  0.00,  0.10
00011dc63309a29520cb,3,  0.14,  0.11,  0.01, 98.58,  0.00,  1.15
00015fbce9d0cbff76d8,3,  0.07,  0.00,  0.00, 99.75,  0.00,  0.17
00016ce7fa91155c33a3,4,  0.00,  0.00,  0.10,  0.00, 99.89,  0.01
00016c3abb4db607151a,4,  0.00,  0.00,  0.02,  0.00, 99.36,  0.62
0001da8bdb2036867421,3,  0.08,  0.11,  0.02, 98.31,  0.00,  1.48
000113b601e7549218cd,5,  0.80,  0.72,  0.04,  0.03,  0.00, 98.41
000134c78032404c2fe3,3,  3.62,  0.24,  0.01, 92.60,  0.00,  3.52
0001d224a85a0bb46b35,5,  2.11,  0.50,  0.07,  0.01,  0.00, 97.31
0001930f7033d6649fee,0, 97.71,  0.13,  0.00,  1.74,  0.00,  0.42
00019a0c134b3c37db6c,2,  0.00,  1.28, 98.33,  0.00,  0.07,  0.31
0001c7e48fe57484cef3,0, 98.17,  0.06,  0.00,  1.68,  0.00,  0.09
00017456fd04eb072bd0,0, 98.51,  0.04,  0.00,  1.29,  0.00,  0.17
0001ff1ec4929707ed55,0, 98.58,  0.21,  0.00,  1.14,  0.00,  0.06
0001e48a24e021386d29,4,  0.00,  0.00,  0.00,  0.00, 99.99,  0.00
0001f6d1a3d0968a5418,4,  0.00,  0.00,  0.47,  0.00, 99.25,  0.29
000176259a13d91012e0,4,  0.00,  0.00,  0.05,  0.00, 99.83,  0.12
0001fda266b63dddd541,3,  1.95,  0.56,  0.03, 91.94,  0.00,  5.51
00018d71eaeee5359d87,0,100.00,  0.00,  0.00,  0.00,  0.00,  0.00
0001357e2f1ba4de46c4,3,  0.00,  0.95,  0.29, 98.65,  0.00,  0.11
0001c3f459ab26597a3a,2,  0.01,  1.68, 97.61,  0.00,  0.13,  0.57
0001bd5627760f7e085b,4,  0.00,  0.00,  0.79,  0.00, 99.03,  0.17
000199427a04f84c43e8,2,  0.00,  1.60, 98.26,  0.00,  0.03,  0.11
0001bf551da54a48e393,0, 99.14,  0.30,  0.00,  0.33,  0.00,  0.22
0001e38649d1550c9f49,3,  0.08,  0.20,  0.02,  0.06,  0.00, 99.63
0001cb34c2de25179209,2,  0.00,  0.17, 99.41,  0.00,  0.15,  0.27
0001f429aec2c791ed2e,5,  0.12,  0.01,  0.00, 99.79,  0.00,  0.07
0001811f17e10165930d,4,  0.00,  0.00,  0.00,  0.00, 99.98,  0.02
00017e028ac80326bab1,3,  0.08,  0.04,  0.00, 99.84,  0.00,  0.03
0001c67e97ec1fab4e4a,0, 97.86,  1.02,  0.01,  0.61,  0.00,  0.50
00011f2e83ca2b5a5e24,2,  0.00,  0.48, 98.10,  0.00,  0.25,  1.17
0001b951e9c1c9a98eec,1,  3.18, 93.94,  1.54,  0.97,  0.00,  0.37
00013416f360024b30fa,0, 95.88,  0.32,  0.00,  3.38,  0.00,  0.42
000195e43cd88c895329,1, 87.25, 11.68,  0.17,  0.25,  0.00,  0.65
0001ff2b69dd5c0609af,2,  0.00,  9.99, 89.97,  0.00,  0.01,  0.03
00011bcf3ed07c8792eb,0, 96.55,  0.08,  0.00,  3.34,  0.00,  0.03
000194be04a67a93089e,4,  0.00,  0.00,  0.03,  0.00, 99.81,  0.16
00015a9d6f86b5903d94,5,  0.21,  0.24,  0.04,  0.13,  0.00, 99.37
00011194df14b0a728c2,4,  0.00,  0.00,  0.01,  0.00, 99.97,  0.02
00019e4f34b098db9e22,4,  0.00,  0.00,  0.06,  0.00, 96.27,  3.67
0001cf296390837096e1,5,  0.00,  0.00,  0.06,  0.00,  3.15, 96.80
000105be73dbe16b3ea0,2,  0.00,  7.00, 92.97,  0.00,  0.00,  0.02
000144b99a5229bef9cc,3,  0.11,  0.02,  0.01, 99.77,  0.00,  0.09
0001222b4ffa9ca9a0f4,2,  0.00,  0.25, 99.48,  0.00,  0.26,  0.01
00013a66256154e34a44,4,  0.00,  0.00,  0.01,  0.00, 99.95,  0.03
00015b79a2d73bc75664,0, 98.16,  0.05,  0.00,  1.73,  0.00,  0.05
00014b8cf147c82eda44,5,  0.14,  0.26,  0.03,  0.02,  0.00, 99.55
00017ace8cb8d4e1292d,5,  1.39,  1.45,  0.09,  0.85,  0.00, 96.22
0001499bbc72030d6b2f,5,  0.02,  0.58,  0.09,  0.19,  0.00, 99.12
00010045c7f2217e9bb4,0, 99.50,  0.10,  0.00,  0.21,  0.00,  0.19
000137e9992837db11b4,5,  0.01,  0.63,  0.29,  0.32,  0.04, 98.72
0001de29dd177de7db67,5,  0.07,  0.92,  0.45,  1.53,  0.02, 97.02
0001b50d9545604d22e2,0, 99.55,  0.10,  0.00,  0.32,  0.00,  0.04
00010d52970ec428920f,3,  0.44,  0.03,  0.00, 98.90,  0.00,  0.64
000111d80366a4aad0e9,4,  0.00,  0.00,  0.05,  0.00, 99.87,  0.08
0001699cb9de53030d11,5,  0.01,  0.15,  0.21,  0.06,  0.13, 99.44
0001eb8bd60f3faa2902,5,  0.05,  2.67,  0.30,  0.04,  0.00, 96.94
00010fe3a2c28a293d42,4,  0.00,  0.00,  0.01,  0.00, 99.94,  0.05
000173d20a9b7a9592ef,5,  0.03,  2.09,  0.85,  0.01,  0.03, 97.00
0001742837e58f95ba0a,4,  0.00,  0.00,  0.22,  0.00, 99.76,  0.02
0001ded1d6abe228499d,5,  0.08,  0.23,  0.04,  0.03,  0.00, 99.61
00015a498b3813f40337,3,  0.05,  0.00,  0.00, 99.94,  0.00,  0.01
0001915c66d326fee3c1,4,  0.00,  0.00,  0.16,  0.00, 99.64,  0.21
00018d3770e02430d470,0, 99.87,  0.01,  0.00,  0.01,  0.00,  0.11
000132d350b10bf2e63b,4,  0.00,  0.00,  0.03,  0.00, 99.94,  0.03
00012f4fc2d715f5ccf5,0, 96.67,  0.05,  0.00,  0.09,  0.00,  3.18
000111125807dfbb5b79,1,  0.05, 90.67,  8.85,  0.05,  0.00,  0.38
000186ba59d866981747,3,  0.04,  0.00,  0.00, 99.94,  0.00,  0.02
0001ab3a129f756f893d,3,  0.03,  0.00,  0.00, 99.96,  0.00,  0.01
0001fa186f5a5826b0ab,1,  0.18, 80.68, 10.16,  0.35,  0.01,  8.62
00010c12ef348106fddb,2,  0.00,  1.25, 98.65,  0.00,  0.06,  0.04
00017522f1170efe80a2,5,  0.04,  0.23,  0.13,  0.01,  0.02, 99.56
00018fd348ea4bd80a3d,3, 94.48,  0.14,  0.00,  5.36,  0.00,  0.02
00010404fa62de8f7a11,5,  0.32,  0.14,  0.01,  0.10,  0.00, 99.43
00012a4f4acc574698a3,1,  1.14, 70.71, 10.29,  1.00,  0.01, 16.84
00014e1e18a9d1aa957d,3,  0.00,  0.07,  0.02, 99.81,  0.00,  0.10
0001c4795829c960c470,4,  0.00,  0.00,  0.09,  0.00, 99.10,  0.81
000103b257ef06b07da5,3,  0.05,  0.01,  0.00, 99.91,  0.00,  0.03
000130f7e275f48d3cbc,5,  0.04,  0.13,  0.05,  0.23,  0.01, 99.54
00012b2800101c2f5fca,2,  0.01,  0.98, 98.61,  0.00,  0.07,  0.33
00016f670fb1af3a75ac,0, 97.63,  0.06,  0.00,  2.19,  0.00,  0.12
000181b1223a631f4b8d,5,  0.57,  0.76,  0.05,  0.65,  0.00, 97.97
0001573bf61a9f63cd57,1,  1.00,  8.14,  1.00,  0.22,  0.01, 89.63
00018f6b890eaa814ff4,4,  0.00,  0.00,  0.03,  0.00, 99.95,  0.03
000173620be278012262,0, 98.54,  0.03,  0.00,  1.36,  0.00,  0.08
0001b33c5221d7b0c538,2,  0.00,  0.36, 99.33,  0.00,  0.18,  0.13
0001f5ce41af06dff066,2,  0.10,  1.45, 95.13,  0.00,  0.16,  3.16
0001a28ca58a92f6ff66,4,  0.00,  0.00,  0.08,  0.00, 99.91,  0.00
00018d8302d164edb8b1,3,  0.74,  0.07,  0.00, 98.59,  0.00,  0.60
0001d4536a4cae23e457,5,  0.34,  0.09,  0.01,  0.15,  0.00, 99.41
000129f80d4887c76667,4,  0.00,  0.00,  0.25,  0.00, 99.75,  0.00
00016e39469b8e2ac793,3,  0.17,  0.01,  0.00, 99.81,  0.00,  0.01
0001af8d24e1bb3e52da,3,  1.05,  0.01,  0.00, 98.93,  0.00,  0.01
0001034c3b63bf93b66b,3,  0.62,  0.08,  0.00, 99.27,  0.00,  0.03
0001769a3fc1ca44c8e2,3, 81.93,  0.84,  0.00, 17.12,  0.00,  0.11
00016245a8b62e64c3b4,4,  0.00,  0.00,  0.05,  0.00, 99.17,  0.77
0001c9742a60de692390,1,  0.80, 74.15,  4.65,  0.47,  0.00, 19.93
0001ac4b1f1c6f24016e,0, 97.16,  0.07,  0.00,  2.74,  0.00,  0.02
00018f42b22f4cd4da01,4,  0.00,  0.00,  0.06,  0.00, 99.90,  0.04
00012081f3e57ef0c684,2,  0.00,  0.15, 99.49,  0.00,  0.33,  0.03
000194d529781dba1014,3, 13.53,  0.10,  0.00, 86.36,  0.00,  0.00
0001cc8c96571f5b166e,4,  0.00,  0.00,  0.03,  0.00, 99.74,  0.23
0001fd805113f364af63,3,  0.10,  0.02,  0.00, 99.73,  0.00,  0.14
0001629b4901c0fa0b47,2,  0.00,  0.06, 99.54,  0.00,  0.38,  0.02
0001ab14fa33fc5aaafd,5,  1.23,  0.42,  0.04,  0.16,  0.00, 98.15
0001d2d5650b86a205e9,4,  0.00,  0.00,  0.86,  0.00, 98.88,  0.26
0001aea6cf6020b8e094,5,  5.29,  0.38,  0.01,  0.12,  0.00, 94.20
000169518ec236fffe8a,4,  0.00,  0.00,  0.01,  0.00, 99.99,  0.00
00017429a09484688806,3,  0.10,  0.01,  0.00, 99.90,  0.00,  0.00
00012c2a6b31bd8e80b1,3,  0.22,  0.04,  0.00, 99.66,  0.00,  0.09
0001f85e4985f36bc0f8,2,  0.01,  1.53, 96.55,  0.00,  0.29,  1.62
0001f3f088936112b22a,3,  0.16,  0.04,  0.00, 99.66,  0.00,  0.14
00013b53cccb033ea798,2,  0.00,  0.10, 99.85,  0.00,  0.04,  0.01
0001c240ce5c673fbf4e,5,  0.42,  1.41,  0.10,  0.21,  0.00, 97.86
0001a4b4f7eaf47ee6f0,2,  0.00,  0.06, 99.93,  0.00,  0.01,  0.00
0001bc7abd57b6624fe1,5,  0.10,  1.01,  0.96,  0.01,  0.04, 97.89
0001f1b3580bc9a46c09,4,  0.00,  0.00,  0.01,  0.00, 99.98,  0.01
0001f30c7469d575fcc6,3,  3.38,  0.08,  0.00, 96.53,  0.00,  0.01
0001f4f08e3375e68e78,2,  0.00,  0.03, 99.79,  0.00,  0.18,  0.00
00016ebc9e803f6e7d80,2,  0.00,  0.02, 84.84,  0.00, 14.88,  0.26
000132b9e53dbb47314f,2,  0.00,  0.15, 99.17,  0.00,  0.62,  0.06
000140d940d517e0064b,5,  9.79,  1.14,  0.02,  0.09,  0.00, 88.95
000117a0e7afc91333b8,0, 99.33,  0.10,  0.00,  0.51,  0.00,  0.06
0001c313ecd3eb8e2af8,0, 93.25,  0.11,  0.00,  0.47,  0.00,  6.16
0001243b755317b82717,0, 98.68,  0.17,  0.00,  1.11,  0.00,  0.04
0001b94af6d4c77497a4,0, 99.66,  0.05,  0.00,  0.20,  0.00,  0.09
000180a866d93b877dd4,0, 99.61,  0.03,  0.00,  0.23,  0.00,  0.12
000152548b517fd42727,2,  0.00,  2.59, 97.36,  0.00,  0.02,  0.03
0001c68ff4484a142fd6,4,  0.00,  0.00,  0.00,  0.00, 99.97,  0.03
00018f7870e163b86ead,5,  0.02,  0.01,  0.00,  0.01,  0.00, 99.95
000113a243992d2c73f4,2,  0.01,  1.48, 97.60,  0.00,  0.20,  0.71
000171ffeeb16fe6880d,3,  0.70,  0.01,  0.00, 99.26,  0.00,  0.03
00010f11399807f7f103,4,  0.00,  0.00,  0.01,  0.00, 99.99,  0.00
0001c44fec99043bf41a,2, 79.04,  0.11,  2.14,  0.00,  0.02, 18.68
0001827b47124b1d9cfc,4,  0.00,  0.00,  0.00,  0.00, 99.06,  0.94
0001ee7f2f265ebb48fe,5,  0.06,  0.36,  0.11,  0.01,  0.01, 99.46
0001e80a957f98280b2d,2,  0.00,  0.26, 99.44,  0.00,  0.18,  0.12
000196b2b4bda8c25e3a,5,  0.03,  0.08,  0.05,  0.01,  0.02, 99.82
0001ad12b21097c15cfb,4,  0.00,  0.00,  1.23,  0.00, 98.76,  0.01
000110a19a70ecb23b8f,3,  0.00,  0.11,  0.07, 80.68,  0.01, 19.12
00014dabd8810ee730f0,4,  0.00,  0.00,  0.00,  0.00, 99.99,  0.01
00011444e445f2fb059a,4,  0.00,  0.00,  0.01,  0.00, 95.72,  4.27
0001a9b35c5663e07992,2,  0.04,  0.22, 90.44,  0.00,  4.76,  4.54
00010504b97c0372f8de,4,  0.00,  0.00,  0.05,  0.00, 99.91,  0.04
0001b5a0ce3c37e50a1a,3,  0.00,  0.09,  0.11, 29.06,  1.91, 68.82
0001a975f326bf96181c,3,  0.23,  0.14,  0.01, 99.40,  0.00,  0.22
00011d3f233a1fe6d215,0, 99.42,  0.08,  0.00,  0.33,  0.00,  0.16
0001a8f3ef5997650be8,4,  0.00,  0.00,  0.01,  0.00, 99.82,  0.17
0001e93edd0e1fd7d15d,3,  0.06,  0.00,  0.00, 99.92,  0.00,  0.02
0001b3d8773bed6e62ef,3,  0.16,  0.04,  0.00, 99.73,  0.00,  0.07
000164589768431ab5c3,0, 98.07,  0.26,  0.00,  1.35,  0.00,  0.32
0001bca6903ae6926f27,5,  6.16,  0.79,  0.04,  0.05,  0.00, 92.96
0001eef69a5d3d441585,4,  0.00,  0.00,  0.10,  0.00, 99.90,  0.00
00012fa67b837ffdfb8f,0, 95.93,  1.05,  0.00,  2.87,  0.00,  0.15
00011f091d50a3ca5bd0,3,  0.15,  0.11,  0.00, 99.70,  0.00,  0.04
00014ef22cfd8845ad5f,5,  0.56,  4.88,  0.11,  0.19,  0.00, 94.25
0001aa540d98747e307d,3,  0.01,  0.00,  0.00, 99.99,  0.00,  0.00
0001596e71107a7769d9,4,  0.00,  0.00,  0.02,  0.00, 99.25,  0.72
0001d311ba61c0400b79,1,  0.24, 93.26,  2.50,  0.07,  0.00,  3.94
0001dd5df1b630d1618f,5,  0.01,  0.02,  0.04,  0.00,  0.14, 99.79
0001b6f12b0bd55dbd8f,4,  0.00,  0.00,  7.68,  0.00, 92.30,  0.02
000128f8c257664970ad,3,  0.29,  0.05,  0.00, 97.11,  0.00,  2.54
00010b1451a2a00ab185,3, 37.80,  0.66,  0.00, 61.52,  0.00,  0.01
000129b68bea43d43429,0, 98.61,  0.15,  0.00,  1.18,  0.00,  0.07
0001912c9905d897c0ae,2,  0.00,  0.05, 96.50,  0.00,  2.09,  1.36
0001da5222cfcf042efe,0, 99.48,  0.12,  0.00,  0.24,  0.00,  0.17
0001707600f173f48675,5,  0.05,  0.32,  0.04,  0.01,  0.00, 99.57
0001d4742a24f34cc57f,4,  0.00,  0.00,  0.00,  0.00, 99.95,  0.05
00016ac7afa2f3f03888,2,  0.00,  0.01, 97.85,  0.00,  2.09,  0.05
000189fd1a3834bfa2df,2,  0.00,  0.01, 99.25,  0.00,  0.72,  0.02
000117f8f06136f98fc5,0, 98.70,  0.36,  0.01,  0.49,  0.00,  0.45
00015ef7fa8990d7d6b2,3,  0.00,  2.14,  1.23, 96.25,  0.00,  0.38
00010ba6bbc6cf455bff,4,  0.00,  0.00,  0.01,  0.00, 96.95,  3.04
0001bc20e325475764d9,5,  0.06,  1.21,  0.09,  0.05,  0.00, 98.58
0001bfc31f695a2557d5,4,  0.00,  0.00,  0.00,  0.00, 99.91,  0.09
000125374b2e6402652c,0, 98.06,  0.03,  0.00,  1.88,  0.00,  0.03
000157d2e4d710735d85,2,  0.00,  0.24, 99.54,  0.00,  0.15,  0.07
0001eb360008a48d84e7,0, 98.55,  0.27,  0.00,  1.05,  0.00,  0.13
0001156c5402f6cdb23e,2,  0.00,  0.02, 73.70,  0.00, 26.08,  0.19
00018b93090e39d33872,5,  0.00,  0.24,  0.30,  0.00,  0.10, 99.35
0001ab2727ce338736bc,4,  0.00,  0.00,  4.78,  0.00, 95.20,  0.02
0001d713a05a91ce72d5,0, 99.00,  0.16,  0.00,  0.72,  0.00,  0.12
0001baec53a5d1035ae3,4,  0.00,  0.00, 10.51,  0.00, 89.41,  0.08
0001d5898bc501e48c11,2,  0.01,  2.86, 96.63,  0.00,  0.09,  0.41
0001c82c5814c05d0642,4,  0.00,  0.00,  0.01,  0.00, 99.96,  0.03
000117a28547360a002c,2,  0.00, 13.94, 86.02,  0.00,  0.01,  0.03
000114db8e558c987d70,5,  0.19,  7.53,  0.54,  0.12,  0.00, 91.61
000129a200b6ac8300b2,0, 98.94,  0.03,  0.00,  1.02,  0.00,  0.00
000106b9e4d4c965004d,4,  0.00,  0.00,  0.06,  0.00, 99.92,  0.02
000178788359bcd19574,1,  0.15, 97.04,  1.79,  0.19,  0.00,  0.83
0001c22a1cb853c0b0e2,0, 91.85,  0.30,  0.00,  7.59,  0.00,  0.26
0001f349d66c75ec4805,2,  0.00,  0.10, 99.35,  0.00,  0.54,  0.01
0001a450566d9a7a75ab,2,  0.00,  0.03, 99.13,  0.00,  0.83,  0.01
000140ea75e6ec18eb8b,4,  0.00,  0.00,  2.32,  0.00, 97.63,  0.05
00011e7ce5c191643445,0, 99.59,  0.04,  0.00,  0.16,  0.00,  0.20
000196b558df5570d32f,0, 99.87,  0.01,  0.00,  0.12,  0.00,  0.00
0001a34604aea7e7b013,0, 99.52,  0.07,  0.00,  0.31,  0.00,  0.11
000195a58e2feefc9250,4,  0.00,  0.00,  0.08,  0.00, 99.88,  0.04
0001ce635e3bcf097c96,2,  0.00,  0.09, 99.31,  0.00,  0.36,  0.24
0001b8ed761665408623,4,  0.00,  0.00,  2.63,  0.00, 97.36,  0.00
00012600d79308389ced,0, 99.73,  0.02,  0.00,  0.10,  0.00,  0.16
0001ad91b2278d129254,5,  0.04,  0.01,  0.02,  0.00,  0.01, 99.92
0001152f277dc24c3f4c,0, 99.14,  0.08,  0.00,  0.43,  0.00,  0.34
000110736687fcd53ec1,0, 99.57,  0.02,  0.00,  0.17,  0.00,  0.25
0001c83c574e0b3b7a56,4,  0.00,  0.00,  0.02,  0.00, 98.01,  1.96
0001ee09cf5303e8916f,0, 91.33,  0.18,  0.00,  5.43,  0.00,  3.06
0001a6868b84f0359543,0, 99.49,  0.07,  0.00,  0.31,  0.00,  0.13
0001aaf851ff9d9f8158,0, 62.09,  7.94,  1.21,  0.54,  0.00, 28.23
0001af0c973b6874670f,2,  0.07,  1.95, 97.09,  0.00,  0.09,  0.81
0001b5bc2023f5f1fa9c,2,  0.00,  0.02, 99.67,  0.00,  0.31,  0.01
000132090a9ea4483f44,5,  0.01,  0.18,  0.15,  0.00,  0.04, 99.63
0001654bf8ff86b0433a,3, 12.38,  0.15,  0.00, 84.30,  0.00,  3.16
0001dea6df4affb5e3b2,4,  0.00,  0.00,  0.00,  0.00, 99.99,  0.00
00016282af0410e2f9e7,4,  0.00,  0.00,  0.02,  0.00, 99.98,  0.00
0001aa570bfd1c0d1493,0, 97.26,  0.04,  0.00,  2.69,  0.00,  0.01
00017394afe28dcfa417,0, 98.47,  0.11,  0.00,  1.32,  0.00,  0.10
000118524bab53666941,3,  0.35,  0.02,  0.00, 99.42,  0.00,  0.21
0001b721b97b09548f9d,0, 97.22,  0.13,  0.00,  2.44,  0.00,  0.21
0001b814e730957a508c,2,  0.02,  8.31, 91.63,  0.00,  0.00,  0.03
0001aa565bfb31272b94,5,  0.05,  0.31,  0.08,  0.40,  0.00, 99.16
00019175b896b05fe918,4,  0.00,  0.00,  0.11,  0.00, 99.71,  0.17
000178f273469014de33,0, 94.85,  0.47,  0.00,  4.55,  0.00,  0.13
0001f3e11432b044f42b,0, 96.52,  0.11,  0.00,  3.25,  0.00,  0.12
00010991dcd409291021,0, 97.61,  0.11,  0.00,  2.18,  0.00,  0.09
0001cf50e48ef6ea81c6,0, 97.77,  0.06,  0.00,  2.15,  0.00,  0.03
000108710872beddd984,0, 98.74,  0.03,  0.00,  1.23,  0.00,  0.01
00015aa28783bc49d37e,1,  1.72, 53.95,  4.13,  0.36,  0.00, 39.84
0001a56365af5f54f4f6,4,  0.00,  0.00,  0.22,  0.00, 99.77,  0.00
0001477b6a5f71137048,3,  0.18,  0.04,  0.00, 97.74,  0.00,  2.03
0001291c20ce28c4551a,0, 99.92,  0.02,  0.00,  0.05,  0.00,  0.01
00011067803b46f4fa88,0, 97.12,  0.65,  0.01,  1.89,  0.00,  0.33
000100e080bb8ee422f0,5,  0.14,  0.33,  0.03,  0.04,  0.00, 99.45
0001f74e0686f46957f1,4,  0.00,  0.00,  0.15,  0.00, 98.17,  1.68
000157c9a7a43d5e4492,2,  0.00,  0.08, 99.86,  0.00,  0.05,  0.00
00012294d0e25f67fe04,5, 61.80,  7.98,  0.93,  0.15,  0.00, 29.14
0001fd01f4f9763b9008,3,  0.61,  0.44,  0.01, 98.70,  0.00,  0.24
0001570911c07d61c48b,2,  0.00,  8.24, 91.75,  0.00,  0.00,  0.00
00012dd7fbfbda26e5d6,2,  0.00,  0.18, 99.74,  0.00,  0.07,  0.01
00018f167b6f09619dc2,5,  0.00,  0.21,  2.21,  0.00,  0.72, 96.86
0001c2c1cf4037a15c5e,2,  0.00,  0.27, 99.72,  0.00,  0.01,  0.00
0001aa7daa5da955aab9,5,  0.16,  0.21,  0.20,  0.00,  0.00, 99.42
000161a787181b8673bf,4,  0.00,  0.00,  0.02,  0.00, 95.20,  4.78
000192abc934e052b659,3,  0.25,  0.01,  0.00, 99.73,  0.00,  0.01
00012aa32f421c049615,0, 99.29,  0.10,  0.01,  0.16,  0.00,  0.44
000155ecce52a2060e7c,4,  0.00,  0.00,  0.03,  0.00, 71.52, 28.45
000116a43afd29623da5,3,  9.46,  0.21,  0.00, 90.32,  0.00,  0.00
00019b0f00f8cb1183bd,3, 12.26,  0.51,  0.01, 86.08,  0.00,  1.15
0001a76b517d250ed1e7,3, 15.84,  0.72,  0.01, 82.34,  0.00,  1.09
0001ba368999556b1608,2,  0.00,  0.30, 99.70,  0.00,  0.00,  0.00
000155f241511694cb85,2,  0.00,  0.25, 99.72,  0.00,  0.02,  0.02
0001f7ab9816e2f8c02b,4,  0.00,  0.00,  0.03,  0.00, 99.95,  0.02
0001a79637b81e625bd3,2,  0.00,  2.37, 97.44,  0.00,  0.05,  0.14
000113e310c5c22c1ae7,4,  0.00,  0.00,  0.06,  0.00, 99.94,  0.00
00015f4e572b4b8c243f,2,  0.00,  0.50, 99.39,  0.00,  0.07,  0.04
0001ff953524b989e64d,3,  0.45,  0.03,  0.00, 99.30,  0.00,  0.21
00011403d4362765a90f,3,  2.79,  0.09,  0.00, 97.12,  0.00,  0.00
000184187fc869c80094,5,  0.45,  1.25,  0.08,  0.08,  0.00, 98.14
0001eef625e601ee6b82,3,  0.51,  0.03,  0.00, 99.11,  0.00,  0.35
000179996bb301ced620,3,  2.97,  0.17,  0.00, 96.81,  0.00,  0.05
000142247f7f2bc9c3af,4,  0.00,  0.00,  0.04,  0.00, 99.96,  0.00
000166eb87ce1f026985,3,  0.14,  0.11,  0.01, 99.62,  0.00,  0.12
0001f91dfa169d45b26f,3,  0.09,  0.01,  0.00, 99.89,  0.00,  0.01
0001289454d5e9bea954,2,  0.00,  0.38, 99.59,  0.00,  0.02,  0.01
0001d57383fb4712c2ed,5,  0.34,  0.19,  0.03,  0.04,  0.00, 99.41
0001fb5bbedf4b63cba8,5,  0.04,  1.40,  0.36,  0.04,  0.00, 98.16
0001fcd8f8fa044f50c0,3,  5.09,  0.15,  0.00, 94.75,  0.00,  0.01
00015f96d2aefc977af6,4,  0.00,  0.00,  0.92,  0.00, 97.84,  1.24
0001c349a37923d55f12,3,  0.54,  0.06,  0.00, 98.76,  0.00,  0.64
00014f182780f687aa22,2,  0.02, 10.42, 89.41,  0.00,  0.01,  0.15
00012abbacf6ab4cc24a,5,  1.75,  1.87,  0.13,  0.04,  0.00, 96.21
0001e31e455c0356147a,4,  0.00,  0.00, 14.26,  0.00, 85.73,  0.01
0001aceb04a828eeebdc,5,  0.04,  0.68,  0.30,  0.01,  0.01, 98.95
000126e97900be534cdf,5,  8.83,  8.38,  0.98,  0.59,  0.00, 81.22
000183e8155cd3690bf4,5,  1.38, 16.65,  1.60,  1.25,  0.00, 79.11
0001f198210d3930e322,4,  0.00,  0.00,  0.30,  0.00, 99.27,  0.43
0001c55804899c48de44,3,  4.10,  0.14,  0.00, 95.56,  0.00,  0.20
000185f28a1c6e4b938a,0, 18.34, 56.69,  1.83, 22.19,  0.00,  0.94
00013a22e472d6814d89,2,  0.00,  0.04, 99.92,  0.00,  0.04,  0.00
00014b5f5d49a2710df1,2,  0.00,  0.50, 99.49,  0.00,  0.01,  0.00
0001917460f22fed0915,3,  1.03,  0.07,  0.00, 98.80,  0.00,  0.10
0001452baa64e8a4cdc4,3,  0.67,  0.05,  0.00, 99.24,  0.00,  0.04
00012d0bdd917c5b26c5,5,  0.06,  5.64,  0.76,  0.01,  0.01, 93.52
00019f39fcbcb24523f6,3,  0.24,  0.01,  0.00, 99.24,  0.00,  0.50
0001985228c80e801731,2,  0.00,  0.79, 98.85,  0.00,  0.25,  0.10
000160777e69a06ac7c6,1,  0.05, 98.33,  1.56,  0.03,  0.00,  0.03
0001c61d314444e194e9,3,  0.03,  0.00,  0.00, 99.97,  0.00,  0.00
00019ffb61e616e9222b,1, 72.28, 20.45,  3.93,  0.40,  0.00,  2.93
000164da6fc7480f0479,5,  0.34,  2.08,  0.15,  0.04,  0.00, 97.38
0001966e522c648727bc,1,  0.14, 97.76,  1.95,  0.05,  0.00,  0.09
0001775c5d15e1d60cb4,5,  0.04,  0.41,  0.19,  0.02,  0.01, 99.33
000190eed1743f5dc17a,4,  0.00,  0.00,  0.36,  0.00, 99.62,  0.03
0001060fa96036c01faa,3,  0.17,  0.01,  0.00, 99.19,  0.00,  0.63
0001e5e372a63918a89f,0, 32.77,  7.35,  0.18, 59.28,  0.00,  0.42
000116b79680763c76f4,2,  0.00,  0.50, 99.31,  0.00,  0.12,  0.07
00014242287a27e50cfa,0, 99.36,  0.28,  0.00,  0.20,  0.00,  0.16
000184fca828c6b30c31,4,  0.00,  0.00,  0.01,  0.00, 99.96,  0.04
0001d10b05d1f9c9a3b6,5,  0.61,  0.19,  0.03,  0.03,  0.00, 99.15
000105862e5aa32b1ff6,2,  0.00,  3.65, 96.30,  0.01,  0.02,  0.02
0001235f306b8e0bda40,2,  0.00,  3.65, 96.30,  0.01,  0.02,  0.02
000175ea14862e0d9607,2,  0.00,  3.32, 96.58,  0.01,  0.05,  0.04
0001ad45d4fdab98eb42,2,  0.00,  3.32, 96.58,  0.01,  0.05,  0.04
0001d32543a208aa3790,3,  7.43,  0.36,  0.02, 90.98,  0.00,  1.22
000106df8975b4cfd234,5,  0.06,  0.71,  0.41,  0.00,  0.01, 98.81
0001517efb281a4ea811,4,  0.00,  0.00,  0.02,  0.00, 99.98,  0.00
00014c1c68f9cf0e0621,2,  0.04,  2.19, 97.76,  0.00,  0.00,  0.01
0001cfc799755642248b,2,  0.04,  2.20, 97.75,  0.00,  0.00,  0.01
00013aa3aaf8c86d5289,2,  0.01,  2.16, 97.82,  0.00,  0.00,  0.00
0001668bf15454f023e8,2,  0.01,  2.15, 97.83,  0.00,  0.00,  0.00
000130eef3f2694777ea,3,  0.05,  0.01,  0.00, 99.89,  0.00,  0.05
0001883b3accbf455c04,3,  0.18,  0.01,  0.00, 99.73,  0.00,  0.08
